,Depth,Distance to Epicenter,Root Mean Square,Azimuthal Gap,Magnitude,Waveform
0,9.1,0.175,0.0275,181.76,1.3,ml
1,9.7,0.129,0.1431,142.63,1.3,ml
2,8.2,0.14,0.0924,159.54,0.6,ml
3,8.5,0.095,0.13,71.38,1.3,ml
4,6.5,0.159,0.1314,167.83,0.8,ml
5,6.9,0.152,0.1066,161.64,0.9,ml
6,11.0,0.144,0.1213,159.17,1.5,ml
7,10.8,0.172,0.1152,76.15,1.3,ml
8,5.8,0.149,0.0758,160.56,0.5,ml
9,9.4,0.144,0.1079,158.76,1.1,ml
10,7.6,0.148,0.0961,159.54,0.8,ml
11,10.3,0.142,0.1349,90.09,1.4,ml
12,7.2,0.148,0.1009,226.37,0.4,ml
13,6.8,0.154,0.1061,179.85,0.9,ml
14,6.2,0.154,0.0969,227.85,0.5,ml
15,11.0,0.133,0.15,150.09,1.3,ml
16,2.9,0.149,0.0513,162.72,0.7,ml
17,11.2,0.038,0.0662,182.91,0.4,ml
18,9.5,0.144,0.1286,161.65,0.6,ml
19,0.0,0.247,0.0469,195.29,0.6,ml
20,7.8,0.145,0.1427,141.82,1.1,ml
21,6.2,0.147,0.0455,164.22,0.3,ml
22,10.4,0.183,0.0959,162.39,0.6,ml
23,4.6,0.146,0.1186,128.68,0.9,ml
24,12.225,0.1721,0.04,162.0,1.58,md
25,7.7,0.144,0.1551,131.61,1.0,ml
26,7.8,0.183,0.1175,170.1,1.0,ml
27,6.7,0.15,0.1193,129.4,1.9,ml
28,9.0,0.144,0.0937,161.97,1.1,ml
29,6.7,0.15,0.1357,130.74,2.5,ml
30,6.6,0.148,0.0976,73.12,1.7,ml
31,8.5,0.145,0.1363,110.53,0.9,ml
32,8.5,0.142,0.0911,149.17,0.3,ml
33,7.0,0.146,0.113,130.31,0.9,ml
34,5.5,0.15,0.117,130.22,1.2,ml
35,8.5,0.134,0.0452,162.18,0.9,ml
36,9.5,0.147,0.1586,73.42,2.1,ml
37,11.8,0.185,0.1216,75.91,1.6,ml
38,12.2,0.157,0.0364,213.23,0.8,ml
39,7.0,0.142,0.0707,190.4,1.2,ml
40,7.8,0.195,0.1004,199.21,0.8,ml
41,14.2,0.147,0.0856,137.57,0.2,ml
42,8.5,0.176,0.1544,93.03,2.2,ml
43,4.2,0.204,0.0803,188.06,0.8,ml
44,0.0,0.203,0.066,145.76,0.8,ml
45,4.7,0.146,0.1184,132.3,0.7,ml
46,10.3,0.055,0.1248,189.95,0.9,ml
47,6.3,0.167,0.0978,156.74,1.1,ml
48,6.6,0.104,0.1243,249.47,0.0,ml
49,5.1,0.182,0.0367,203.07,0.8,ml
50,5.7,0.195,0.0201,145.23,0.7,ml
51,10.7,0.057,0.1106,154.99,1.0,ml
52,7.4,0.146,0.0952,163.03,0.5,ml
53,6.1,0.087,0.1358,180.79,1.0,ml
54,10.4,0.168,0.083,152.58,0.5,ml
55,4.3,0.141,0.0673,239.41,-0.1,ml
56,7.2,0.145,0.0928,235.99,0.9,ml
57,3.4,0.067,0.1116,127.74,0.8,ml
58,7.0,0.25,0.1313,214.52,1.1,ml
59,3.0,0.079,0.0663,162.98,0.8,ml
60,12.6,0.174,0.0893,144.09,0.8,ml
61,7.8,0.085,0.0496,150.67,0.8,ml
62,11.8,0.054,0.0847,165.58,0.2,ml
63,10.3,0.21,0.1232,161.07,0.6,ml
