,Depth,Distance to Epicenter,Root Mean Square,Azimuthal Gap,Magnitude,Waveform
0,5.836,0.09459,0.01,167,0.3,md
1,3.307,0.04505,0.07,56,1.06,md
2,1.78,0.007207,0.05,54,0.63,md
3,2.317,0.08919,0.02,150,0.56,md
4,9.022,0.03243,0.07,72,1.23,md
5,1.321,0.003604,0.05,158,-0.06,md
6,1.66,0.006306,0.06,53,0.33,md
7,1.822,0.004505,0.06,98,-0.01,md
8,1.14,0.006306,0.03,53,0.17,md
9,1.625,0.007207,0.05,53,0.35,md
10,2.404,0.05856,0.05,197,0.47,md
11,3.249,0.05405,0.09,187,0.65,md
12,2.249,0.01261,0.18,177,0.03,md
13,0.682,0.109,0.04,116,1.15,md
14,2.747,0.2559,0.15,156,1.17,md
15,17.122,0.2505,0.12,154,1.65,md
16,17.937,0.2505,0.1,154,2.13,md
17,3.255,0.1252,0.16,134,0.72,md
18,-2.295,0.1099,0.14,302,0.4,md
19,6.779,0.1189,0.06,146,1.22,md
20,3.817,0.05045,0.02,283,0.43,md
21,5.829,0.06036,0.04,101,1.16,md
22,1.551,0.00991,0.05,107,0.16,md
23,1.547,0.00991,0.04,143,-0.02,md
24,1.411,0.006306,0.07,139,-0.15,md
25,3.073,0.1279,0.04,123,0.7,md
26,8.242,0.03874,0.05,80,0.82,md
27,9.692,0.09279,0.06,135,1.56,md
28,1.58,0.008108,0.05,52,0.12,md
29,1.321,0.004505,0.07,134,0.01,md
30,1.911,0.008108,0.05,52,0.53,md
31,1.68,0.009009,0.06,52,1.11,md
32,2.034,0.007207,0.03,71,0.07,md
33,-0.221,0.01171,0.03,184,-0.06,md
34,1.6,0.008108,0.05,51,0.37,md
35,1.525,0.005405,0.06,83,0.12,md
36,1.121,0.006306,0.06,103,0.11,md
37,1.27,0.006306,0.06,42,0.24,md
38,0.918,0.09099,0.04,122,1.5,md
39,6.421,0.03604,0.08,82,1.81,md
40,8.889,0.09189,0.02,305,0.55,md
41,1.337,0.01081,0.06,41,0.36,md
42,2.891,0.2252,0.06,165,0.89,md
43,5.849,0.1216,0.05,62,1.49,md
44,6.183,0.1117,0.03,170,0.48,md
45,1.476,0.0009009,0.05,56,0.1,md
46,1.521,0.01261,0.07,126,0.11,md
47,2.19,0.007207,0.06,42,1.24,md
48,6.961,0.05586,0.06,98,0.7,md
49,10.43,0.04505,0.07,166,1.26,md
50,6.069,0.008108,0.14,130,0.8,md
51,8.249,0.008108,0.04,125,0.69,md
52,3.769,0.0009009,0.06,164,-0.02,md
53,1.345,0.004505,0.08,44,0.13,md
54,6.862,0.04775,0.09,66,0.82,md
55,1.095,0.006306,0.06,53,0.1,md
56,9.111,0.01622,0.06,55,1.42,md
57,8.841,0.01081,0.08,78,0.91,md
58,1.351,0.006306,0.05,111,0.07,md
59,4.995,0.01892,0.06,60,0.51,md
60,4.879,0.05495,0.03,145,0.47,md
61,9.279,0.03874,0.06,113,0.85,md
62,-1.007,0.008108,0.05,102,1.01,md
63,-0.894,0.005405,0.04,133,-0.02,md
64,-0.987,0.005405,0.06,97,0.93,md
65,-1.045,0.003604,0.05,123,0.01,md
66,-0.855,0.003604,0.05,169,0.96,md
67,-0.987,0.006306,0.03,99,0.83,md
68,-0.935,0.008108,0.04,88,0.01,md
69,-0.638,0.004505,0.03,135,0.29,md
70,-0.998,0.008108,0.05,147,0.04,md
71,7.789,0.03604,0.05,93,0.66,md
72,2.559,0.01802,0.07,96,1.76,md
73,3.634,0.02703,0.04,247,0.48,md
74,-1.558,0.109,0.07,203,0.53,md
75,1.792,0.009009,0.1,82,0.33,md
76,-1.541,0.1072,0.04,203,0.37,md
77,1.569,0.0973,0.03,196,0.33,md
78,-0.118,0.1099,0.04,116,1.25,md
79,0.556,0.3279,0.56,51,2.15,md
80,1.732,0.008108,0.05,115,-0.14,md
81,1.041,0.006306,0.05,144,-0.32,md
82,4.554,0.06847,0.07,134,1.25,md
83,4.542,0.06847,0.03,150,0.27,md
84,1.641,0.009009,0.07,71,-0.04,md
85,1.371,0.007207,0.05,102,0.06,md
86,17.365,0.3586,0.11,70,2.27,md
87,4.115,0.02703,0.04,153,-0.03,md
88,-0.101,0.1072,0.02,171,0.41,md
89,-0.676,0.1387,0.03,183,0.75,md
90,1.005,0.008108,0.03,73,0.03,md
91,0.81,0.008108,0.03,77,0.2,md
92,0.811,0.008108,0.04,96,0.27,md
93,4.773,0.06577,0.04,99,1.76,md
94,1.301,0.006306,0.07,73,0.12,md
95,6.409,0.03423,0.06,195,0.99,md
96,-0.619,0.01081,0.05,87,0.21,md
97,-0.659,0.01081,0.04,131,0.03,md
98,-1.189,0.01892,0.14,190,-0.14,md
99,-0.239,0.008108,0.05,104,0.23,md
100,-0.471,0.009009,0.05,130,-0.07,md
101,-0.431,0.001802,0.03,150,-0.13,md
102,-0.319,0.007207,0.04,103,0.22,md
103,-0.266,0.007207,0.03,156,-0.16,md
104,-0.271,0.007207,0.04,103,0.3,md
105,-0.526,0.00991,0.02,165,-0.09,md
106,-0.501,0.008108,0.04,103,0.19,md
107,-0.169,0.006306,0.05,83,0.36,md
108,-0.159,0.006306,0.04,82,0.57,md
109,-0.309,0.006306,0.04,108,0.48,md
110,3.08,0.005405,0.04,54,0.68,md
111,4.549,0.05135,0.01,313,0.43,md
112,5.277,0.06577,0.05,99,1.7,md
113,1.562,0.009009,0.05,50,0.13,md
114,5.577,0.05766,0.02,297,0.17,md
115,4.847,0.06396,0.04,99,0.77,md
116,1.072,0.001802,0.07,101,-0.11,md
117,1.361,0.007207,0.04,113,-0.3,md
118,1.487,0.007207,0.05,71,0.35,md
119,1.658,0.01081,0.03,83,0.1,md
120,4.784,0.07027,0.14,168,1.56,md
121,0.627,0.008108,0.05,151,0.09,md
122,1.094,0.0973,0.09,139,0.84,md
123,8.157,0.02703,0.06,133,0.69,md
124,0.605,0.01712,0.05,115,-0.31,md
125,5.425,0.05856,0.07,175,0.26,md
126,1.254,0.005405,0.06,58,0.31,md
127,1.444,0.007207,0.06,67,0.24,md
128,2.292,0.01261,0.13,124,-0.34,md
129,1.687,0.006306,0.06,102,0.03,md
130,1.521,0.006306,0.04,74,0.11,md
131,1.378,0.09099,0.04,126,1.61,md
132,-0.932,0.08468,0.05,126,0.93,md
133,5.449,0.08018,0.03,164,0.5,md
134,6.37,0.07207,0.09,58,0.68,md
135,2.228,0.005405,0.03,68,0.19,md
136,4.956,0.03423,0.08,95,1.57,md
137,0.039,0.01351,0.02,260,-0.16,md
138,2.562,0.1495,0.1,87,1.92,md
139,1.694,0.006306,0.07,56,0.76,md
140,7.612,0.03604,0.01,138,0.43,md
141,8.259,0.03964,0.04,122,0.72,md
142,0.498,0.01261,0.06,157,0.12,md
143,2.174,0.005405,0.07,58,0.07,md
144,1.434,0.006306,0.07,59,0.12,md
145,1.962,0.009009,0.06,56,0.02,md
146,6.394,0.04595,0.07,162,1.28,md
147,5.518,0.1865,0.4,110,1.12,md
148,0.896,0.03063,0.06,125,1.44,md
149,27.719,0.318,0.08,143,2.06,md
150,2.12,0.04955,0.09,72,0.83,md
151,4.699,0.03964,0.06,93,1.17,md
152,1.577,0.01081,0.04,122,0.17,md
153,1.337,0.008108,0.04,116,0.12,md
154,1.072,0.009009,0.07,86,0.03,md
155,2.479,0.01081,0.04,82,0.11,md
156,1.888,0.00991,0.07,74,0.95,md
157,1.514,0.006306,0.06,60,-0.02,md
158,1.724,0.006306,0.06,62,0.12,md
159,7.72,0.00991,0.06,120,0.86,md
160,0.828,0.003604,0.07,61,-0.08,md
161,-0.354,0.005405,0.08,58,0.21,md
162,-0.485,0.006306,0.06,58,0.35,md
163,1.674,0.004505,0.05,57,0.25,md
164,8.434,0.01081,0.22,245,1.6,md
165,1.411,0.006306,0.05,73,-0.03,md
166,1.901,0.00991,0.05,62,0.47,md
167,4.417,0.2577,0.09,140,1.22,md
168,1.171,0.003604,0.05,68,0.04,md
169,2.234,0.007207,0.05,60,0.16,md
170,1.374,0.004505,0.06,60,-0.08,md
171,2.691,0.003604,0.07,75,0.14,md
172,1.654,0.00991,0.05,72,0.16,md
173,10.158,0.2369,0.1,147,1.28,md
174,2.141,0.003604,0.07,78,-0.33,md
175,1.975,0.006306,0.08,57,0.15,md
176,2.396,0.005405,0.03,38,0.53,md
177,1.682,0.008108,0.06,51,0.37,md
178,2.021,0.005405,0.05,68,0.04,md
179,2.871,0.006306,0.03,92,0.14,md
180,2.777,0.007207,0.04,42,0.0,md
181,1.8,0.007207,0.05,64,0.14,md
182,2.427,0.05586,0.05,149,0.56,md
183,2.861,0.004505,0.04,80,0.25,md
184,1.922,0.009009,0.03,79,0.12,md
185,1.424,0.007207,0.06,72,0.03,md
186,20.872,0.1414,0.25,83,2.23,md
187,2.497,0.005405,0.04,119,-0.45,md
188,2.759,0.005405,0.04,75,0.28,md
189,2.392,0.004505,0.04,70,0.37,md
190,1.912,0.008108,0.07,75,0.14,md
191,3.225,0.006306,0.04,75,0.23,md
192,2.831,0.006306,0.06,70,0.52,md
193,2.051,0.004505,0.04,67,0.28,md
194,1.731,0.005405,0.06,90,-0.03,md
195,2.451,0.008108,0.06,103,0.12,md
196,7.966,0.0973,0.04,113,1.01,md
197,2.161,0.004505,0.05,59,0.15,md
198,1.582,0.01982,0.04,193,-0.09,md
199,1.981,0.008108,0.07,58,0.14,md
200,2.15,0.009009,0.07,66,1.46,md
201,2.088,0.01892,0.03,80,-0.06,md
202,-0.819,0.01532,0.11,72,0.72,md
203,3.521,0.007207,0.05,95,0.24,md
204,2.448,0.02162,0.07,51,0.16,md
205,2.418,0.01351,0.04,51,0.38,md
206,-1.131,0.01351,0.06,90,0.16,md
207,6.358,0.04505,0.21,51,1.91,md
208,3.264,0.01441,0.04,86,0.46,md
209,-2.485,0.01171,0.05,108,0.23,md
210,2.671,0.001802,0.07,57,0.16,md
211,3.67,0.005405,0.04,61,-0.1,md
212,1.3,0.005405,0.06,43,0.33,md
213,1.59,0.003604,0.06,57,0.21,md
214,1.391,0.01441,0.03,62,0.33,md
215,1.991,0.01261,0.05,60,0.14,md
216,1.241,0.01441,0.05,61,0.35,md
217,0.961,0.01171,0.09,69,0.64,md
218,2.276,0.004505,0.05,37,0.46,md
219,2.351,0.005405,0.03,105,-0.01,md
220,2.041,0.01261,0.04,56,1.2,md
221,1.87,0.004505,0.04,41,0.57,md
222,1.581,0.00991,0.05,44,0.07,md
223,3.12,0.003604,0.03,59,0.46,md
224,1.861,0.009009,0.03,51,0.45,md
225,1.607,0.003604,0.04,58,-0.05,md
226,1.6,0.006306,0.06,54,0.14,md
227,1.01,0.007207,0.06,49,0.56,md
228,2.755,0.006306,0.05,58,0.19,md
229,7.282,0.005405,0.09,137,1.05,md
230,4.389,0.08018,0.04,283,0.36,md
231,2.091,0.009009,0.04,77,-0.25,md
232,1.18,0.002703,0.1,77,0.02,md
233,-0.753,0.00991,0.06,84,0.21,md
234,0.947,0.005405,0.04,85,0.26,md
235,1.392,0.002703,0.07,102,0.57,md
236,0.08,0.003604,0.05,82,-0.35,md
237,-0.38,0.006306,0.05,58,0.27,md
238,1.6,0.008108,0.05,50,0.21,md
239,2.045,0.00991,0.07,57,0.32,md
240,-0.334,0.004505,0.1,78,0.37,md
241,7.757,0.01712,0.17,178,0.68,md
242,0.082,0.009009,0.04,185,-0.25,md
243,1.524,0.02072,0.02,161,-0.21,md
244,1.692,0.004505,0.02,91,0.15,md
245,5.923,0.02342,0.08,179,0.66,md
246,5.143,0.02252,0.12,129,0.87,md
247,6.673,0.04144,0.19,34,2.01,md
248,2.041,0.009009,0.03,55,0.31,md
249,2.092,0.00991,0.07,81,0.18,md
250,1.608,0.01802,0.04,70,0.11,md
251,1.901,0.009009,0.04,53,0.62,md
252,1.858,0.01441,0.06,76,0.37,md
253,2.178,0.009009,0.04,115,0.59,md
254,1.922,0.01441,0.06,98,0.3,md
255,1.967,0.003604,0.05,52,1.07,md
256,2.191,0.004505,0.04,49,1.13,md
257,2.707,0.005405,0.04,50,0.48,md
258,2.878,0.01351,0.05,68,0.29,md
259,5.255,0.008108,0.02,167,0.65,md
260,2.134,0.01802,0.06,144,0.36,md
261,4.741,0.003604,0.04,108,0.03,md
262,2.668,0.01351,0.05,55,0.71,md
263,2.058,0.01441,0.04,66,0.43,md
264,1.742,0.01081,0.05,81,0.07,md
265,1.374,0.01712,0.04,110,0.04,md
266,2.021,0.005405,0.05,42,0.98,md
267,1.545,0.007207,0.08,62,0.12,md
268,-0.95,0.005405,0.07,68,0.16,md
269,0.931,0.006306,0.06,155,-0.06,md
270,0.241,0.001802,0.03,102,-0.09,md
271,0.2,0.003604,0.04,103,-0.06,md
272,1.771,0.005405,0.06,108,-0.29,md
273,2.001,0.01081,0.04,108,0.1,md
274,0.21,0.00991,0.03,78,0.2,md
275,2.165,0.007207,0.04,62,0.35,md
276,0.11,0.009009,0.03,82,0.24,md
277,0.238,0.01261,0.03,164,-0.21,md
278,1.307,0.00991,0.04,84,0.3,md
279,-0.185,0.00991,0.03,85,0.23,md
280,0.055,0.01081,0.03,59,0.56,md
281,0.315,0.01081,0.02,60,0.53,md
282,3.737,0.03874,0.05,139,0.22,md
283,1.05,0.001802,0.06,63,0.21,md
284,-0.169,0.00991,0.05,150,-0.22,md
285,0.255,0.01081,0.02,128,0.53,md
286,0.13,0.01081,0.03,59,0.62,md
287,4.729,0.01802,0.03,71,0.28,md
288,0.461,0.01081,0.03,51,1.01,md
289,1.96,0.007207,0.05,51,0.37,md
290,3.066,0.01171,0.05,180,-0.22,md
291,1.64,0.006306,0.04,54,-0.06,md
292,1.84,0.007207,0.04,42,1.15,md
293,8.218,0.02432,0.07,119,0.99,md
294,-0.36,0.009009,0.04,107,-0.13,md
295,-0.05,0.00991,0.03,141,-0.04,md
296,0.824,0.01261,0.03,163,-0.26,md
297,1.218,0.003604,0.05,133,-0.06,md
298,1.73,0.006306,0.04,48,0.44,md
299,2.45,0.003604,0.03,96,0.36,md
300,1.85,0.006306,0.03,44,0.63,md
301,0.329,0.01081,0.03,210,-0.03,md
302,1.371,0.01081,0.04,123,0.27,md
303,2.471,0.009009,0.06,75,0.52,md
304,1.834,0.01622,0.03,107,0.16,md
305,2.494,0.01802,0.06,153,0.92,md
306,3.326,0.01441,0.02,193,0.8,md
307,1.196,0.00991,0.05,146,0.3,md
308,0.911,0.008108,0.06,119,-0.01,md
309,0.165,0.005405,0.11,182,1.4,md
310,0.339,0.008108,0.04,110,0.64,md
311,1.781,0.009009,0.07,103,0.11,md
312,1.86,0.008108,0.05,104,-0.04,md
313,-0.001,0.01532,0.03,237,0.29,md
314,0.481,0.009009,0.02,126,0.24,md
315,0.639,0.006306,0.03,110,0.13,md
316,1.809,0.008108,0.06,104,0.83,md
317,2.401,0.007207,0.08,52,0.92,md
318,5.6,0.04595,0.07,74,0.29,md
319,0.779,0.01532,0.03,154,0.62,md
320,0.931,0.01261,0.04,88,-0.09,md
321,0.489,0.01351,0.02,103,0.67,md
322,1.225,0.00991,0.03,81,0.6,md
323,0.139,0.01261,0.03,114,0.9,md
324,0.801,0.01081,0.04,84,-0.03,md
325,0.321,0.01712,0.03,229,0.17,md
326,0.212,0.01171,0.03,81,0.91,md
327,0.991,0.01261,0.03,112,0.75,md
328,0.405,0.01171,0.05,71,0.56,md
329,0.381,0.01261,0.04,111,0.71,md
330,1.085,0.01081,0.04,85,0.59,md
331,0.161,0.01171,0.03,144,-0.13,md
332,0.509,0.01171,0.04,182,0.02,md
333,0.189,0.01441,0.02,112,0.62,md
334,0.745,0.01261,0.04,87,-0.1,md
335,0.611,0.01261,0.05,128,0.49,md
336,-0.735,0.01532,0.02,218,-0.05,md
337,0.161,0.01351,0.02,198,2.36,md
338,1.075,0.003604,0.05,53,0.46,md
339,0.331,0.01261,0.03,113,1.01,md
340,0.825,0.01171,0.03,72,-0.09,md
341,1.205,0.01081,0.03,113,0.3,md
342,0.675,0.01171,0.03,83,0.48,md
343,0.421,0.01171,0.04,101,0.24,md
344,0.171,0.01261,0.04,113,0.27,md
345,0.439,0.01441,0.03,113,1.4,md
346,0.975,0.008108,0.05,85,0.65,md
347,0.835,0.01081,0.03,94,0.64,md
348,0.985,0.00991,0.03,65,0.5,md
349,0.249,0.01441,0.04,113,0.5,md
350,0.61,0.00991,0.04,76,0.5,md
351,0.382,0.01532,0.04,97,0.67,md
352,0.785,0.00991,0.04,72,0.26,md
353,0.441,0.01351,0.04,127,0.5,md
354,0.845,0.01261,0.04,77,-0.06,md
355,0.239,0.01261,0.03,149,0.32,md
356,1.001,0.002703,0.08,133,-0.04,md
357,0.92,0.01081,0.04,119,-0.09,md
358,-0.542,0.003604,0.02,136,0.29,md
359,1.189,0.01351,0.03,167,0.28,md
360,0.965,0.01171,0.03,101,0.07,md
361,2.361,0.002703,0.07,228,-0.02,md
362,0.769,0.008108,0.06,102,0.67,md
363,1.66,0.006306,0.04,85,0.52,md
364,3.619,0.01532,0.07,211,0.2,md
365,1.747,0.007207,0.06,75,-0.08,md
366,-0.025,0.00991,0.05,131,0.09,md
367,2.15,0.01351,0.03,141,0.37,md
368,0.458,0.01171,0.05,80,-0.1,md
369,-0.045,0.01171,0.04,128,-0.04,md
370,0.37,0.00991,0.06,177,0.36,md
371,-2.831,0.04865,0.17,309,0.3,md
372,0.115,0.01081,0.05,100,0.16,md
373,0.495,0.01261,0.04,98,1.21,md
374,2.0,0.007207,0.05,45,0.69,md
375,7.912,0.05315,0.08,77,-0.18,md
376,4.34,0.001802,0.03,63,0.31,md
377,0.815,0.01351,0.03,84,0.17,md
378,0.775,0.01351,0.03,88,-0.18,md
379,0.215,0.01081,0.03,137,-0.13,md
380,0.361,0.00991,0.02,121,-0.25,md
381,-0.22,0.01081,0.05,128,0.31,md
382,0.485,0.01171,0.05,86,-0.03,md
383,0.755,0.01261,0.03,113,0.3,md
384,0.815,0.01261,0.04,88,-0.18,md
385,0.83,0.003604,0.05,78,-0.04,md
386,1.491,0.003604,0.06,119,-0.13,md
387,0.515,0.01171,0.03,163,-0.03,md
388,1.801,0.00991,0.03,106,-0.12,md
389,0.56,0.00991,0.07,96,-0.19,md
390,0.735,0.00991,0.04,133,0.32,md
391,1.125,0.008108,0.08,128,-0.2,md
392,1.321,0.0009009,0.05,109,0.29,md
393,0.935,0.01351,0.05,74,0.09,md
394,1.115,0.01351,0.03,103,0.12,md
395,1.075,0.01261,0.03,89,-0.07,md
396,0.955,0.01351,0.04,89,-0.08,md
397,0.321,0.01622,0.03,107,0.27,md
398,0.785,0.01261,0.04,92,0.22,md
399,0.905,0.01261,0.05,99,0.07,md
400,0.675,0.01081,0.03,115,1.78,md
401,6.02,0.03243,0.08,88,0.34,md
402,1.905,0.005405,0.04,72,2.9,mh
403,4.23,0.7088,0.1,303,1.01,md
404,2.7,0.006306,0.05,58,0.64,md
405,1.981,0.007207,0.05,53,0.06,md
406,1.871,0.008108,0.03,105,0.01,md
407,1.37,0.01712,0.06,115,-0.05,md
408,-0.185,0.007207,0.13,92,-0.02,md
409,0.775,0.01261,0.03,69,0.11,md
410,1.039,0.001802,0.08,96,0.42,md
411,1.045,0.003604,0.08,87,0.01,md
412,1.065,0.01261,0.05,117,0.02,md
413,1.361,0.005405,0.05,101,0.35,md
414,1.51,0.003604,0.05,55,0.63,md
415,2.625,0.004505,0.07,57,-0.02,md
416,1.071,0.002703,0.04,132,0.34,md
417,1.73,0.007207,0.07,58,-0.04,md
418,1.722,0.005405,0.06,72,0.1,md
419,1.361,0.004505,0.05,71,0.51,md
420,1.082,0.07297,0.04,196,-0.06,md
421,2.651,0.008108,0.02,105,0.06,md
422,2.001,0.007207,0.06,75,0.42,md
423,2.82,0.006306,0.04,38,-0.17,md
424,2.511,0.007207,0.05,100,0.33,md
425,1.49,0.007207,0.04,52,0.27,md
426,-0.011,0.01261,0.02,149,0.2,md
427,2.421,0.006306,0.04,72,-0.17,md
428,-0.149,0.01351,0.05,136,0.05,md
429,-0.001,0.01081,0.05,94,-0.23,md
430,0.622,0.006306,0.04,112,0.42,md
431,1.525,0.01081,0.04,58,0.35,md
432,2.359,0.00991,0.05,86,-0.05,md
433,1.103,0.007207,0.03,83,0.08,md
434,1.049,0.01081,0.04,155,0.4,md
435,1.83,0.007207,0.07,51,-0.05,md
436,0.881,0.005405,0.04,157,-0.03,md
437,1.701,0.006306,0.06,139,0.11,md
438,1.791,0.009009,0.04,101,1.13,md
439,2.2,0.007207,0.04,54,0.34,md
440,1.845,0.01081,0.06,77,-0.04,md
441,2.972,0.0009009,0.04,139,0.31,md
442,1.802,0.00991,0.04,83,0.29,md
443,1.622,0.01261,0.05,76,0.11,md
444,1.718,0.01982,0.05,76,1.97,md
445,2.46,0.007207,0.06,37,0.74,md
446,3.18,0.004505,0.04,41,0.11,md
447,1.532,0.006306,0.05,74,0.42,md
448,1.866,0.007207,0.03,69,0.02,md
449,0.754,0.007207,0.06,129,0.24,md
450,2.061,0.003604,0.08,136,0.06,md
451,1.721,0.01081,0.05,115,1.0,md
452,2.311,0.008108,0.04,40,0.58,md
453,2.711,0.006306,0.04,57,-0.35,md
454,0.725,0.01982,0.04,181,-0.04,md
455,1.885,0.02252,0.04,107,3.2,mw
456,9.661,0.01622,0.07,42,-0.01,md
457,1.091,0.01081,0.04,108,0.45,md
458,1.89,0.006306,0.06,41,1.45,md
459,2.041,0.007207,0.04,40,-0.22,md
460,1.375,0.006306,0.04,145,-0.02,md
461,2.891,0.005405,0.04,136,0.01,md
462,2.681,0.006306,0.04,138,0.3,md
463,0.72,0.006306,0.03,69,0.24,md
464,1.36,0.006306,0.04,68,0.63,md
465,8.949,0.04595,0.12,306,0.42,md
466,2.511,0.008108,0.03,87,0.03,md
467,2.401,0.01081,0.05,152,0.06,md
468,0.295,0.007207,0.12,74,1.1,md
469,2.374,0.02703,0.06,139,-0.06,md
470,1.701,0.005405,0.05,109,0.52,md
471,1.856,0.002703,0.04,53,-0.14,md
472,1.019,0.003604,0.06,114,-0.01,md
473,2.599,0.009009,0.05,93,0.07,md
474,2.011,0.00991,0.04,107,-0.31,md
475,1.691,0.006306,0.04,142,-0.05,md
476,1.861,0.007207,0.06,139,0.04,md
477,1.311,0.004505,0.06,101,0.04,md
478,1.221,0.007207,0.05,103,1.1,md
479,10.131,0.1748,0.15,60,0.65,md
480,3.029,0.00991,0.03,86,1.42,md
481,1.82,0.008108,0.07,43,0.02,md
482,1.419,0.002703,0.05,72,0.11,md
483,1.691,0.007207,0.07,52,-0.13,md
484,1.971,0.009009,0.03,119,-0.26,md
485,2.829,0.009009,0.02,128,0.32,md
486,-2.641,0.04234,0.06,298,-0.33,md
487,1.321,0.003604,0.05,176,-0.03,md
488,1.065,0.005405,0.04,65,1.15,md
489,2.14,0.005405,0.04,39,0.14,md
490,1.541,0.002703,0.06,98,1.01,md
491,1.24,0.003604,0.07,61,-0.32,md
492,1.321,0.005405,0.05,174,0.96,md
493,1.75,0.005405,0.06,57,0.05,md
494,1.679,0.009009,0.03,103,0.31,md
495,0.72,0.006306,0.05,57,-0.22,md
496,1.219,0.007207,0.03,98,-0.09,md
497,0.961,0.003604,0.06,100,0.31,md
498,1.55,0.009009,0.06,54,-0.3,md
499,0.951,0.005405,0.04,100,-0.12,md
500,2.419,0.01261,0.05,147,2.16,md
501,7.85,0.07748,0.07,43,0.24,md
502,1.651,0.009009,0.02,126,0.57,md
503,2.01,0.00991,0.05,56,-0.15,md
504,-1.043,0.03333,0.09,181,0.33,md
505,2.495,0.008108,0.03,59,0.92,md
506,2.605,0.009009,0.03,55,0.79,md
507,2.185,0.00991,0.04,55,0.39,md
508,5.302,0.06396,0.04,155,0.43,md
509,2.467,0.09459,0.04,173,-0.06,md
510,1.168,0.01532,0.04,74,0.1,md
511,0.63,0.001802,0.06,50,-0.34,md
512,0.801,0.006306,0.05,139,0.39,md
513,1.94,0.005405,0.05,41,0.03,md
514,1.802,0.00991,0.04,80,-0.32,md
515,1.766,0.007207,0.05,70,-0.11,md
516,0.101,0.006306,0.02,141,0.35,md
517,1.735,0.002703,0.05,114,-0.36,md
518,1.151,0.002703,0.06,106,0.46,md
519,2.01,0.004505,0.07,54,0.17,md
520,2.31,0.005405,0.03,47,0.11,md
521,1.472,0.007207,0.04,81,1.55,md
522,2.642,0.007207,0.07,37,-0.19,md
523,1.084,0.006306,0.04,128,0.41,md
524,1.775,0.00991,0.05,60,0.33,md
525,1.536,0.002703,0.06,40,0.28,md
526,0.526,0.005405,0.06,59,-0.3,md
527,1.582,0.009009,0.06,71,1.41,md
528,2.58,0.005405,0.05,39,0.07,md
529,1.571,0.003604,0.03,127,0.12,md
530,5.377,0.02973,0.04,246,0.09,md
531,1.541,0.00991,0.06,75,0.84,md
532,2.61,0.005405,0.03,56,0.14,md
533,2.296,0.004505,0.04,67,0.05,md
534,-0.793,0.02703,0.1,146,1.6,md
535,5.257,0.06306,0.04,52,0.22,md
536,2.591,0.006306,0.04,137,0.45,md
537,-0.513,0.003604,0.04,98,0.37,md
538,1.871,0.005405,0.05,72,0.36,md
539,2.798,0.02072,0.02,75,0.13,md
540,1.859,0.00991,0.06,99,0.98,md
541,2.271,0.006306,0.03,37,2.14,md
542,2.13,0.007207,0.08,33,0.12,md
543,1.411,0.007207,0.05,104,0.11,md
544,1.682,0.01081,0.04,83,-0.05,md
545,1.579,0.00991,0.03,176,0.02,md
546,1.114,0.01982,0.02,136,0.52,md
547,2.042,0.007207,0.03,59,0.2,md
548,2.699,0.009009,0.01,169,0.11,md
549,1.22,0.007207,0.04,103,0.22,md
550,1.892,0.01081,0.04,90,0.19,md
551,2.669,0.01261,0.07,112,0.96,md
552,2.222,0.006306,0.03,87,-0.39,md
553,0.081,0.00991,0.01,205,-0.06,md
554,1.511,0.006306,0.05,142,-0.12,md
555,-0.836,0.03333,0.28,239,0.14,md
556,2.381,0.002703,0.05,131,1.42,md
557,1.93,0.006306,0.07,61,0.76,md
558,2.61,0.006306,0.06,44,0.14,md
559,1.801,0.005405,0.05,143,0.69,md
560,0.887,0.006306,0.03,116,0.12,md
561,1.131,0.00991,0.06,106,0.09,md
562,0.921,0.01261,0.02,162,0.07,md
563,1.729,0.007207,0.02,165,-0.02,md
564,2.431,0.00991,0.07,159,-0.28,md
565,1.729,0.01171,0.05,182,-0.07,md
566,0.951,0.001802,0.06,133,0.11,md
567,0.35,0.005405,0.05,59,0.12,md
568,1.751,0.007207,0.04,103,0.32,md
569,1.667,0.01261,0.03,80,1.21,md
570,1.78,0.007207,0.08,49,0.61,md
571,2.2,0.006306,0.04,46,-0.1,md
572,1.011,0.004505,0.03,141,-0.12,md
573,1.922,0.008108,0.06,148,1.12,md
574,2.77,0.005405,0.05,73,-0.06,md
575,1.011,0.00991,0.05,128,0.86,md
576,1.896,0.003604,0.04,55,0.75,md
577,2.575,0.00991,0.04,88,0.05,md
578,1.301,0.005405,0.03,137,0.48,md
579,1.997,0.009009,0.04,55,0.41,md
580,1.516,0.0009009,0.05,57,-0.19,md
581,0.971,0.008108,0.06,119,0.21,md
582,2.292,0.04234,0.03,280,-0.01,md
583,1.561,0.009009,0.03,106,1.79,md
584,12.145,0.1072,0.14,100,-0.16,md
585,1.721,0.00991,0.07,163,0.11,md
586,1.031,0.001802,0.03,130,0.34,md
587,1.25,0.003604,0.11,80,0.42,md
588,1.15,0.005405,0.03,64,-0.04,md
589,1.133,0.005405,0.03,171,1.45,md
590,2.26,0.005405,0.07,83,0.24,md
591,2.56,0.005405,0.05,71,-0.05,md
592,1.769,0.004505,0.01,143,-0.32,md
593,1.351,0.005405,0.03,143,-0.09,md
594,1.869,0.00991,0.07,241,0.35,md
595,1.441,0.00991,0.04,107,0.03,md
596,0.671,0.008108,0.02,156,0.85,md
597,1.21,0.005405,0.06,50,0.32,md
598,1.366,0.002703,0.04,59,-0.31,md
599,1.441,0.01171,0.04,160,-0.06,md
600,-2.879,0.005405,0.09,125,0.0,md
601,2.12,0.0009009,0.04,102,0.1,md
602,2.675,0.005405,0.04,86,0.22,md
603,1.416,0.0009009,0.04,85,0.2,md
604,1.087,0.009009,0.05,79,-0.1,md
605,3.239,0.005405,0.02,123,0.1,md
606,2.361,0.01532,0.04,168,0.11,md
607,1.551,0.007207,0.05,103,1.03,md
608,6.803,0.2171,0.08,182,0.36,md
609,2.43,0.004505,0.03,49,0.15,md
610,1.905,0.006306,0.04,147,1.28,md
611,9.682,0.2288,0.04,191,0.87,md
612,2.05,0.003604,0.04,48,1.23,md
613,7.552,0.236,0.07,142,0.96,md
614,12.932,0.1883,0.07,194,0.84,md
615,3.759,0.0973,0.04,167,0.03,md
616,1.079,0.005405,0.04,112,0.2,md
617,0.169,0.04955,0.07,242,-0.09,md
618,-2.515,0.03243,0.03,169,0.28,md
619,0.825,0.005405,0.04,104,0.22,md
620,1.502,0.009009,0.04,79,0.87,md
621,4.817,0.0973,0.02,113,0.71,md
622,6.187,0.0955,0.04,167,0.53,md
623,2.709,0.08468,0.04,134,0.1,md
624,1.441,0.007207,0.05,149,0.1,md
625,2.021,0.007207,0.07,103,1.13,md
626,1.369,0.2946,0.06,148,0.58,md
627,7.599,0.03333,0.03,137,-0.02,md
628,1.291,0.008108,0.05,106,-0.08,md
629,1.841,0.008108,0.05,104,1.7,md
630,2.0,0.008108,0.07,45,0.63,md
631,1.975,0.009009,0.03,57,1.54,md
632,1.99,0.008108,0.06,53,0.58,md
633,2.361,0.009009,0.04,47,-0.28,md
634,2.101,0.01081,0.05,157,-0.3,md
635,2.001,0.009009,0.04,199,0.49,md
636,2.08,0.005405,0.04,47,0.03,md
637,0.637,0.01351,0.05,116,0.04,md
638,0.471,0.004505,0.04,138,0.72,md
639,2.16,0.005405,0.04,50,0.68,md
640,4.757,0.0964,0.01,167,-0.18,md
641,1.011,0.007207,0.04,194,-0.26,md
642,2.361,0.007207,0.02,149,-0.08,md
643,1.031,0.004505,0.07,139,0.12,md
644,1.401,0.00991,0.05,122,-0.02,md
645,0.683,0.003604,0.05,138,0.63,md
646,3.065,0.01081,0.04,79,1.15,md
647,15.064,0.05495,0.05,115,-0.23,md
648,0.296,0.002703,0.05,131,1.0,md
649,5.032,0.2586,0.11,148,1.46,md
650,1.99,0.007207,0.05,59,0.28,md
651,3.301,0.005405,0.05,188,-0.2,md
652,1.312,0.001802,0.02,100,-0.07,md
653,2.429,0.005405,0.03,155,0.04,md
654,1.561,0.006306,0.05,104,0.36,md
655,2.032,0.008108,0.07,49,1.11,md
656,2.31,0.006306,0.04,51,1.16,md
657,9.611,0.01351,0.07,74,-0.06,md
658,1.281,0.01081,0.06,124,2.63,md
659,9.553,0.01622,0.07,37,0.37,md
660,-0.353,0.01802,0.05,202,-0.04,md
661,0.921,0.008108,0.04,195,0.05,md
662,1.382,0.00991,0.05,80,0.07,md
663,1.612,0.009009,0.05,80,1.84,md
664,2.29,0.007207,0.07,36,0.29,md
665,1.762,0.01532,0.05,91,-0.02,md
666,0.585,0.01982,0.04,107,0.66,md
667,2.051,0.006306,0.04,56,0.22,md
668,1.331,0.009009,0.04,105,0.19,md
669,3.057,0.08649,0.1,145,0.14,md
670,1.272,0.006306,0.07,73,0.38,md
671,2.512,0.009009,0.03,120,-0.04,md
672,1.095,0.02523,0.03,162,0.1,md
673,0.605,0.02793,0.05,114,0.36,md
674,1.665,0.006306,0.05,60,0.22,md
675,1.639,0.01261,0.04,160,0.32,md
676,1.741,0.01081,0.04,103,0.15,md
677,2.262,0.00991,0.07,81,0.23,md
678,4.187,0.08739,0.09,200,0.23,md
679,1.782,0.007207,0.02,51,0.83,md
680,2.802,0.004505,0.05,78,1.89,md
681,2.32,0.006306,0.07,33,0.77,md
682,1.86,0.008108,0.04,57,0.87,md
683,2.3,0.008108,0.05,57,0.06,md
684,1.421,0.007207,0.08,111,0.49,md
685,5.24,0.09157,0.02,164,0.9,md
686,6.6,0.09148,0.03,111,0.37,md
687,2.192,0.008108,0.05,45,0.02,md
688,1.662,0.008108,0.03,78,0.36,md
689,1.537,0.01171,0.06,45,0.06,md
690,1.601,0.007207,0.06,103,0.06,md
691,1.821,0.00991,0.04,107,0.21,md
692,1.562,0.008108,0.06,77,-0.33,md
693,1.461,0.005405,0.05,144,0.21,md
694,1.912,0.00991,0.05,80,1.79,md
695,10.544,0.1928,0.16,127,0.4,md
696,2.879,0.04324,0.03,186,0.92,md
697,2.44,0.007606,0.04,49,0.65,md
698,1.982,0.01261,0.06,94,0.12,md
699,1.442,0.00991,0.04,80,0.33,md
700,1.027,0.01261,0.05,80,-0.02,md
701,2.071,0.00991,0.04,119,0.83,md
702,2.77,0.006029,0.05,53,-0.31,md
703,1.052,0.00991,0.04,122,1.02,md
704,2.14,0.006357,0.05,45,-0.34,md
705,1.311,0.003604,0.06,101,-0.27,md
706,2.077,0.01171,0.05,136,0.37,md
707,1.97,0.006306,0.06,97,0.12,md
708,2.606,0.04144,0.05,180,0.34,md
709,1.88,0.006306,0.05,45,-0.27,md
710,1.651,0.001802,0.06,130,0.7,md
711,2.39,0.003285,0.04,100,0.65,md
712,1.02,0.008272,0.04,76,1.13,md
713,2.34,0.004262,0.05,107,0.47,md
714,1.08,0.004505,0.06,55,0.65,md
715,2.51,0.002496,0.09,99,1.43,md
716,2.32,0.006548,0.05,48,1.24,md
717,2.23,0.008592,0.06,92,0.36,md
718,0.802,0.01261,0.03,100,0.36,md
719,1.976,0.002703,0.05,53,-0.11,md
720,2.422,0.009009,0.07,89,0.14,md
721,1.941,0.009009,0.04,102,0.17,md
722,1.91,0.003604,0.05,55,-0.28,md
723,1.782,0.004505,0.03,107,0.05,md
724,1.862,0.006306,0.01,73,0.0,md
725,0.705,0.00991,0.16,115,1.03,md
726,5.44,0.007207,0.08,99,1.5,md
727,1.91,0.007832,0.08,60,0.1,md
728,0.871,0.005405,0.05,102,0.12,md
729,1.482,0.007207,0.04,76,0.97,md
730,6.8,0.06213,0.04,100,0.22,md
731,1.792,0.006306,0.03,75,-0.18,md
732,2.682,0.01982,0.06,190,-0.19,md
733,0.522,0.004505,0.03,108,0.32,md
734,1.481,0.01081,0.06,50,0.38,md
735,2.32,0.005621,0.04,67,1.42,md
736,2.02,0.007665,0.04,43,-0.09,md
737,1.399,0.007207,0.02,143,0.33,md
738,3.632,0.01171,0.03,139,-0.3,md
739,1.712,0.003604,0.06,101,1.57,md
740,8.354,0.02793,0.1,133,1.42,md
741,2.77,0.005154,0.05,91,0.68,md
742,2.05,0.004596,0.04,79,0.22,md
743,1.681,0.009009,0.05,46,0.46,md
744,4.38,0.005235,0.12,95,-0.28,md
745,1.532,0.008108,0.04,84,0.28,md
746,1.275,0.003604,0.05,81,0.28,md
747,2.885,0.009009,0.04,106,0.06,md
748,1.69,0.007207,0.05,58,1.07,md
749,0.89,0.003604,0.07,52,0.02,md
750,2.362,0.01261,0.09,128,0.52,md
751,1.13,0.004505,0.03,93,0.59,md
752,2.42,0.005405,0.04,69,0.61,md
753,3.1,0.007207,0.03,83,0.62,md
754,2.29,0.005405,0.03,81,1.69,md
755,2.02,0.006306,0.06,88,0.61,md
756,4.437,0.118,0.04,178,0.31,md
757,1.62,0.008108,0.06,66,0.17,md
758,-2.609,0.02613,0.21,192,0.96,md
759,2.34,0.005405,0.05,52,0.09,md
760,1.517,0.004505,0.02,99,0.46,md
761,0.496,0.006306,0.03,168,0.14,md
762,1.197,0.005405,0.05,72,0.22,md
763,1.962,0.00991,0.05,54,-0.02,md
764,0.327,0.007207,0.06,91,0.34,md
765,2.12,0.004505,0.05,72,0.32,md
766,2.53,0.005405,0.05,67,0.12,md
767,1.405,0.006306,0.05,56,-0.25,md
768,1.782,0.006306,0.03,87,0.64,md
769,2.107,0.007207,0.02,116,0.35,md
770,1.241,0.003604,0.07,45,0.72,md
771,2.29,0.006471,0.04,46,0.34,md
772,1.495,0.005405,0.06,46,0.15,md
773,0.951,0.003604,0.06,106,0.53,md
774,2.05,0.007178,0.04,56,0.71,md
775,2.22,0.006708,0.05,44,0.38,md
776,2.002,0.007207,0.04,66,0.29,md
777,2.021,0.01081,0.07,75,0.21,md
778,1.452,0.009009,0.06,78,0.25,md
779,2.01,0.006006,0.05,114,0.66,md
780,2.67,0.005979,0.05,61,0.13,md
781,2.142,0.006306,0.09,63,-0.15,md
782,1.689,0.01171,0.05,175,0.14,md
783,0.891,0.008108,0.05,151,0.04,md
784,2.101,0.00991,0.05,75,0.49,md
785,5.14,0.01577,0.16,129,0.62,md
786,2.16,0.007043,0.05,80,0.08,md
787,0.821,0.008108,0.04,103,0.05,md
788,2.331,0.009009,0.06,104,0.01,md
789,0.558,0.01351,0.05,118,0.12,md
790,1.421,0.01081,0.06,83,0.35,md
791,1.91,0.005405,0.06,53,1.02,md
792,-0.464,0.003604,0.07,71,0.45,md
793,2.0,0.008445,0.04,52,0.12,md
794,1.521,0.00991,0.06,45,0.03,md
795,2.071,0.008108,0.04,103,-0.07,md
796,-0.204,0.003604,0.03,111,-0.03,md
797,2.072,0.003604,0.03,102,0.16,md
798,1.691,0.0009009,0.06,100,-0.05,md
799,1.05,0.005405,0.07,89,0.11,md
800,0.921,0.004505,0.09,97,-0.2,md
801,0.961,0.004505,0.06,177,-0.17,md
802,-0.349,0.01171,0.04,158,-0.16,md
803,1.471,0.008108,0.03,195,0.12,md
804,2.121,0.00991,0.04,64,-0.23,md
805,1.031,0.003604,0.04,113,-0.34,md
806,0.802,0.01622,0.06,152,-0.18,md
807,3.551,0.01441,0.01,216,1.57,md
808,2.16,0.006682,0.06,50,0.08,md
809,1.501,0.01081,0.05,75,1.23,md
810,2.5,0.006291,0.05,36,0.68,md
811,2.51,0.007027,0.06,59,0.34,md
812,1.73,0.007207,0.05,65,-0.18,md
813,1.991,0.005405,0.1,112,-0.21,md
814,3.051,0.01532,0.06,236,0.08,md
815,1.221,0.00991,0.04,155,-0.01,md
816,2.521,0.008108,0.03,150,0.64,md
817,2.62,0.006035,0.04,41,0.36,md
818,2.132,0.00991,0.05,127,1.01,md
819,2.16,0.0057,0.05,64,1.25,md
820,2.28,0.004876,0.05,62,0.41,md
821,2.162,0.008108,0.05,66,0.65,md
822,2.26,0.008322,0.04,44,-0.1,md
823,1.331,0.01171,0.06,158,0.77,md
824,2.23,0.009009,0.05,44,0.87,md
825,2.37,0.008108,0.05,45,0.61,md
826,1.65,0.006306,0.05,57,-0.04,md
827,1.879,0.008108,0.05,138,-0.04,md
828,2.041,0.008108,0.05,103,-0.09,md
829,0.694,0.02432,0.03,205,0.11,md
830,1.608,0.01802,0.03,88,0.11,md
831,1.674,0.01802,0.04,103,1.59,md
832,2.52,0.006306,0.06,35,0.4,md
833,2.02,0.00991,0.03,48,0.52,md
834,1.582,0.01171,0.08,85,0.74,md
835,2.53,0.009009,0.05,88,0.37,md
836,1.95,0.00991,0.04,44,0.37,md
837,3.111,0.006306,0.05,59,0.14,md
838,2.122,0.008108,0.04,67,1.52,md
839,1.96,0.007207,0.07,42,0.08,md
840,0.888,0.01982,0.04,83,0.03,md
841,1.464,0.01622,0.02,103,0.04,md
842,0.214,0.02162,0.03,158,0.47,md
843,1.8,0.009009,0.05,53,-0.03,md
844,1.714,0.02162,0.03,107,0.37,md
845,2.2,0.00991,0.07,56,0.37,md
846,1.95,0.01892,0.05,82,-0.12,md
847,-0.111,0.008108,0.06,112,-0.03,md
848,1.494,0.02072,0.02,190,0.35,md
849,1.652,0.0009009,0.04,73,0.12,md
850,1.812,0.009009,0.03,79,0.36,md
851,2.112,0.009009,0.04,57,0.65,md
852,2.701,0.007207,0.04,45,-0.31,md
853,1.434,0.02162,0.03,151,0.33,md
854,1.901,0.009009,0.07,75,1.24,md
855,2.511,0.007207,0.05,42,0.27,md
856,1.752,0.007207,0.05,114,0.39,md
857,2.962,0.005405,0.04,132,0.54,md
858,2.311,0.006306,0.05,58,0.12,md
859,2.262,0.009009,0.06,78,0.65,md
860,2.511,0.006306,0.05,60,0.02,md
861,2.621,0.003604,0.02,131,0.32,md
862,-1.09,0.02162,0.03,112,0.24,md
863,2.699,0.01532,0.02,107,0.4,md
864,2.582,0.1189,0.09,169,1.54,md
865,7.06,0.06216,0.06,129,0.13,md
866,2.443,0.009009,0.05,107,0.64,md
867,2.377,0.006306,0.04,52,0.51,md
868,2.297,0.005405,0.04,66,0.38,md
869,2.536,0.004505,0.04,67,0.1,md
870,1.397,0.02252,0.04,107,0.7,md
871,0.607,0.003604,0.04,72,0.88,md
872,2.26,0.006306,0.04,47,-0.29,md
873,1.112,0.008108,0.05,120,0.33,md
874,1.615,0.007207,0.05,69,0.53,md
875,2.34,0.007207,0.04,43,1.48,md
876,2.08,0.007207,0.06,41,-0.29,md
877,1.921,0.009009,0.06,112,0.51,md
878,2.312,0.008108,0.04,72,0.35,md
879,2.382,0.008108,0.04,53,0.13,md
880,2.462,0.004505,0.04,59,0.35,md
881,2.901,0.007207,0.04,70,0.2,md
882,1.47,0.005405,0.05,60,0.88,md
883,2.68,0.004505,0.04,105,0.79,md
884,2.27,0.006306,0.05,40,0.09,md
885,1.332,0.01081,0.05,61,0.34,md
886,2.516,0.006306,0.04,82,0.34,md
887,1.69,0.006306,0.05,70,0.06,md
888,1.775,0.005405,0.04,58,0.33,md
889,1.955,0.005405,0.04,45,-0.01,md
890,1.661,0.006306,0.03,145,1.1,md
891,2.41,0.006306,0.05,39,0.02,md
892,1.802,0.009009,0.04,126,-0.2,md
893,2.536,0.007207,0.02,205,-0.01,md
894,0.678,0.02252,0.04,89,-0.09,md
895,2.682,0.007207,0.02,82,-0.04,md
896,1.081,0.002703,0.07,133,-0.11,md
897,2.242,0.009009,0.05,125,0.23,md
898,1.255,0.004505,0.01,94,0.34,md
899,1.452,0.00991,0.05,80,0.51,md
900,3.28,0.006306,0.08,115,-0.07,md
901,0.582,0.007207,0.04,117,0.29,md
902,1.002,0.007207,0.03,82,0.12,md
903,-0.693,0.008108,0.06,113,0.26,md
904,2.505,0.004505,0.06,62,0.76,md
905,2.555,0.006306,0.05,42,0.64,md
906,2.55,0.00991,0.05,81,1.2,md
907,2.2,0.007207,0.06,59,0.07,md
908,3.114,0.01171,0.14,115,-0.19,md
909,0.551,0.007207,0.04,146,0.37,md
910,1.73,0.009009,0.06,70,0.47,md
911,2.451,0.008108,0.05,39,-0.1,md
912,1.141,0.005405,0.08,142,-0.05,md
913,2.879,0.01261,0.06,61,0.37,md
914,2.372,0.005405,0.04,70,0.35,md
915,2.192,0.005405,0.08,80,0.08,md
916,2.527,0.01081,0.12,213,0.16,md
917,0.931,0.008108,0.04,133,0.48,md
918,1.62,0.001802,0.04,101,1.71,md
919,15.291,0.1568,0.06,80,0.14,md
920,2.47,0.006306,0.05,44,-0.16,md
921,1.981,0.01081,0.05,83,0.28,md
922,0.591,0.003604,0.02,68,0.28,md
923,2.917,0.005405,0.05,105,0.83,md
924,2.727,0.08649,0.14,107,0.34,md
925,1.14,0.006306,0.05,49,1.42,md
926,1.362,0.007207,0.05,60,0.08,md
927,2.101,0.01081,0.08,71,0.01,md
928,1.397,0.009009,0.05,62,0.68,md
929,1.157,0.007207,0.05,79,0.1,md
930,3.21,0.004505,0.04,74,0.41,md
931,0.015,0.006306,0.04,88,0.13,md
932,2.076,0.0009009,0.06,114,0.71,md
933,2.25,0.005405,0.02,160,1.0,md
934,0.331,0.01171,0.07,81,-0.04,md
935,1.286,0.006306,0.08,83,-0.19,md
936,2.05,0.004505,0.05,98,0.15,md
937,1.262,0.00991,0.05,81,0.01,md
938,2.18,0.005405,0.04,121,-0.07,md
939,1.352,0.008108,0.09,77,0.34,md
940,1.91,0.006306,0.07,76,0.04,md
941,4.245,0.008108,0.04,96,0.01,md
942,1.551,0.01081,0.05,108,0.67,md
943,0.506,0.004505,0.05,110,0.99,md
944,1.256,0.003604,0.02,108,0.69,md
945,1.574,0.009009,0.09,123,0.48,md
946,6.441,0.004505,0.03,159,0.86,md
947,1.06,0.004505,0.03,103,1.57,md
948,1.125,0.007207,0.1,101,1.0,md
949,1.52,0.003604,0.05,100,0.51,md
950,0.956,0.006306,0.04,115,0.97,md
951,1.05,0.004505,0.03,74,1.08,md
952,1.48,0.006306,0.08,118,1.75,md
953,1.92,0.007207,0.04,120,0.97,md
954,3.183,0.01892,0.12,250,0.99,md
955,1.43,0.003604,0.05,107,0.7,md
956,1.09,0.004505,0.05,100,0.31,md
957,0.881,0.003604,0.06,134,0.96,md
958,0.697,0.005405,0.04,102,1.29,md
959,3.792,0.03063,0.07,244,-0.25,md
960,1.404,0.003604,0.03,223,-0.31,md
961,0.754,0.01802,0.02,112,0.02,md
962,1.307,0.009009,0.11,120,0.37,md
963,2.641,0.008108,0.04,44,-0.08,md
964,1.052,0.007207,0.04,117,0.75,md
965,6.1,0.02523,0.02,136,0.12,md
966,2.212,0.00991,0.01,117,0.86,md
967,2.12,0.006306,0.04,42,-0.03,md
968,1.652,0.007207,0.05,84,-0.16,md
969,1.032,0.009009,0.05,125,1.68,md
970,2.01,0.006306,0.06,36,0.52,md
971,1.65,0.007207,0.05,75,0.17,md
972,1.43,0.009009,0.04,57,0.45,md
973,2.23,0.005405,0.04,47,0.21,md
974,1.75,0.005405,0.04,45,-0.35,md
975,-0.969,0.001802,0.01,82,0.56,md
976,4.752,0.005405,0.09,95,0.86,md
977,1.68,0.008108,0.05,57,0.26,md
978,3.606,0.02613,0.04,246,-0.25,md
979,2.222,0.01261,0.05,134,-0.32,md
980,1.792,0.008108,0.03,121,-0.36,md
981,0.857,0.006306,0.04,112,0.36,md
982,2.101,0.005405,0.03,73,0.03,md
983,1.355,0.00991,0.04,68,0.38,md
984,1.721,0.005405,0.03,76,0.62,md
985,1.527,0.004505,0.04,81,0.66,md
986,2.01,0.003604,0.04,94,0.53,md
987,1.28,0.002703,0.05,83,0.65,md
988,2.102,0.005405,0.05,78,0.16,md
989,3.161,0.006306,0.03,100,2.01,md
990,2.59,0.005405,0.03,111,0.61,md
991,1.895,0.003604,0.03,65,0.5,md
992,1.9,0.0009009,0.05,103,1.01,md
993,3.34,0.01261,0.09,130,1.09,md
994,0.89,0.002703,0.08,56,0.13,md
995,1.62,0.005405,0.06,58,0.02,md
996,0.803,0.008108,0.04,118,0.32,md
997,1.965,0.01171,0.05,91,0.11,md
998,1.766,0.002703,0.05,52,1.43,md
999,2.13,0.006306,0.05,40,0.04,md
1000,2.49,0.005405,0.04,61,0.23,md
1001,2.465,0.005405,0.05,95,0.38,md
1002,2.05,0.009009,0.04,75,0.44,md
1003,4.445,0.007207,0.12,92,0.41,md
1004,3.545,0.008108,0.09,91,1.04,md
1005,3.081,0.008108,0.04,63,-0.29,md
1006,1.761,0.007207,0.02,161,0.02,md
1007,1.07,0.001802,0.05,73,-0.14,md
1008,1.165,0.0009009,0.06,83,0.38,md
1009,2.23,0.006306,0.05,45,-0.04,md
1010,1.462,0.00991,0.06,84,-0.17,md
1011,1.355,0.005405,0.03,101,0.12,md
1012,1.932,0.009009,0.04,73,-0.37,md
1013,0.432,0.006306,0.01,125,-0.3,md
1014,1.622,0.009009,0.03,92,0.24,md
1015,2.817,0.008108,0.02,69,0.13,md
1016,1.785,0.004505,0.05,45,0.24,md
1017,1.662,0.00991,0.04,86,-0.35,md
1018,1.325,0.00991,0.03,114,0.05,md
1019,1.735,0.006306,0.04,67,0.12,md
1020,1.92,0.005405,0.02,51,-0.35,md
1021,1.242,0.004505,0.08,104,0.06,md
1022,2.24,0.009009,0.05,63,-0.03,md
1023,1.792,0.009009,0.05,78,0.04,md
1024,1.442,0.008108,0.05,78,0.33,md
1025,2.28,0.007207,0.05,54,0.35,md
1026,2.415,0.00991,0.05,117,0.63,md
1027,2.131,0.00991,0.04,85,0.32,md
1028,2.315,0.01081,0.05,91,0.23,md
1029,2.02,0.001802,0.05,104,0.22,md
1030,2.14,0.003604,0.05,63,0.37,md
1031,2.3,0.006306,0.04,50,0.55,md
1032,2.211,0.004505,0.04,58,1.11,md
1033,7.011,0.1739,0.11,107,0.37,md
1034,1.062,0.006306,0.06,114,0.36,md
1035,1.502,0.003604,0.04,98,0.1,md
1036,1.068,0.01892,0.06,106,0.09,md
1037,0.558,0.02162,0.05,117,0.59,md
1038,2.172,0.006306,0.05,56,0.37,md
1039,0.932,0.01171,0.03,85,-0.35,md
1040,-0.372,0.02162,0.04,119,-0.01,md
1041,-0.809,0.009009,0.03,157,0.77,md
1042,1.86,0.006306,0.04,44,0.68,md
1043,1.772,0.005405,0.05,86,0.85,md
1044,1.561,0.004505,0.03,82,0.22,md
1045,-0.863,0.01622,0.05,91,0.4,md
1046,-0.776,0.02523,0.03,114,0.04,md
1047,1.661,0.002703,0.04,99,0.37,md
1048,2.632,0.006306,0.04,63,0.62,md
1049,1.832,0.01261,0.05,59,0.18,md
1050,4.544,0.02432,0.03,157,0.03,md
1051,0.951,0.007207,0.03,114,0.3,md
1052,1.718,0.01622,0.06,85,0.4,md
1053,2.152,0.006306,0.04,50,1.08,md
1054,1.8,0.008108,0.06,58,1.52,md
1055,2.19,0.006306,0.06,57,0.1,md
1056,1.938,0.01532,0.04,82,0.06,md
1057,1.674,0.02162,0.03,107,-0.33,md
1058,2.054,0.01892,0.05,196,1.44,md
1059,1.77,0.003604,0.03,51,2.31,md
1060,2.39,0.006306,0.06,37,0.08,md
1061,1.168,0.01441,0.05,113,-0.04,md
1062,2.542,0.01261,0.04,86,0.88,md
1063,2.38,0.007207,0.06,41,-0.18,md
1064,1.986,0.01712,0.04,99,0.34,md
1065,1.912,0.009009,0.04,48,1.42,md
1066,2.85,0.005405,0.04,39,-0.14,md
1067,0.494,0.01351,0.07,104,0.21,md
1068,1.317,0.007207,0.05,76,0.53,md
1069,3.194,0.004505,0.04,98,0.38,md
1070,2.294,0.006306,0.05,84,0.53,md
1071,2.397,0.004505,0.04,66,0.37,md
1072,2.007,0.007207,0.05,69,0.13,md
1073,2.317,0.007207,0.03,74,0.12,md
1074,1.957,0.009009,0.05,76,0.13,md
1075,2.457,0.007207,0.02,72,0.3,md
1076,1.183,0.009009,0.05,169,0.8,md
1077,2.517,0.006306,0.05,43,0.23,md
1078,1.487,0.00991,0.04,77,0.3,md
1079,1.757,0.005405,0.03,72,0.03,md
1080,2.52,0.02162,0.02,165,-0.09,md
1081,2.787,0.01982,0.04,114,0.07,md
1082,0.944,0.01081,0.01,144,0.39,md
1083,2.964,0.004505,0.03,98,0.28,md
1084,1.677,0.005405,0.06,150,0.15,md
1085,1.797,0.0009009,0.03,101,0.4,md
1086,2.45,0.003604,0.04,60,0.27,md
1087,1.657,0.01261,0.12,90,0.36,md
1088,2.14,0.007207,0.05,76,0.48,md
1089,1.677,0.00991,0.06,63,0.05,md
1090,1.148,0.01261,0.11,150,0.35,md
1091,1.451,0.009009,0.05,60,-0.06,md
1092,0.702,0.008108,0.05,92,0.59,md
1093,4.699,0.08739,0.04,109,0.33,md
1094,1.664,0.008108,0.1,294,-0.07,md
1095,2.294,0.01622,0.03,237,0.03,md
1096,1.697,0.01261,0.02,107,0.2,md
1097,0.837,0.003604,0.05,83,0.06,md
1098,1.718,0.01351,0.02,127,0.13,md
1099,1.94,0.005405,0.07,70,0.22,md
1100,0.922,0.008108,0.05,91,1.45,md
1101,2.84,0.004505,0.05,39,0.45,md
1102,1.89,0.008108,0.05,55,1.48,md
1103,1.871,0.006306,0.07,42,0.64,md
1104,2.081,0.006306,0.06,83,0.05,md
1105,1.448,0.009009,0.04,82,0.12,md
1106,1.621,0.01081,0.08,104,0.74,md
1107,2.24,0.006306,0.04,78,1.28,md
1108,5.382,0.2324,0.14,137,0.39,md
1109,1.801,0.009009,0.05,86,1.11,md
1110,2.181,0.007207,0.05,62,1.13,md
1111,9.469,0.2423,0.05,136,1.26,md
1112,5.049,0.236,0.15,139,1.12,md
1113,6.159,0.2324,0.14,140,0.02,md
1114,1.017,0.005405,0.04,116,0.12,md
1115,1.37,0.002703,0.06,66,0.01,md
1116,1.204,0.02162,0.01,127,0.27,md
1117,1.511,0.005405,0.03,83,0.74,md
1118,2.291,0.01171,0.03,89,0.24,md
1119,1.881,0.00991,0.04,91,0.04,md
1120,1.441,0.003604,0.03,82,0.31,md
1121,2.027,0.01261,0.03,93,1.82,md
1122,31.261,0.1559,0.05,95,-0.1,md
1123,1.178,0.01441,0.03,99,0.47,md
1124,1.331,0.01081,0.04,97,0.32,md
1125,2.321,0.006306,0.03,86,0.21,md
1126,0.977,0.009009,0.08,122,1.0,md
1127,1.246,0.00991,0.01,100,1.19,md
1128,0.637,0.006306,0.05,88,0.91,md
1129,0.847,0.008108,0.04,98,0.72,md
1130,1.187,0.008108,0.01,129,0.68,md
1131,0.717,0.008108,0.02,98,0.08,md
1132,-0.024,0.003604,0.05,111,1.0,md
1133,2.861,0.009009,0.05,64,0.03,md
1134,0.977,0.01081,0.03,107,-0.03,md
1135,2.004,0.02432,0.02,123,0.78,md
1136,1.761,0.006306,0.04,85,-0.2,md
1137,1.453,0.01441,0.02,115,-0.05,md
1138,1.027,0.01261,0.04,103,0.8,md
1139,1.637,0.003604,0.04,83,2.22,md
1140,2.25,0.006306,0.06,37,-0.04,md
1141,1.621,0.005405,0.04,85,0.41,md
1142,2.241,0.004505,0.03,70,-0.19,md
1143,1.578,0.01441,0.01,174,0.12,md
1144,1.878,0.01171,0.04,85,0.91,md
1145,1.88,0.006306,0.04,50,0.39,md
1146,1.421,0.01081,0.04,76,-0.03,md
1147,0.75,0.005405,0.04,66,1.14,md
1148,1.71,0.006306,0.04,58,0.06,md
1149,1.861,0.008108,0.08,146,-0.04,md
1150,1.061,0.006306,0.05,103,-0.52,md
1151,0.417,0.02793,0.05,257,0.29,md
1152,2.121,0.01351,0.06,124,1.46,md
1153,2.08,0.005405,0.04,38,0.81,md
1154,2.331,0.007207,0.05,56,0.17,md
1155,1.511,0.006306,0.06,190,0.06,md
1156,1.741,0.009009,0.04,106,-0.08,md
1157,1.551,0.03604,0.11,220,0.34,md
1158,1.653,0.009009,0.04,113,-0.13,md
1159,1.671,0.01532,0.07,171,-0.1,md
1160,1.441,0.00991,0.03,152,1.54,md
1161,1.84,0.007207,0.06,42,0.5,md
1162,1.941,0.00991,0.05,63,0.81,md
1163,6.706,0.09279,0.04,172,0.04,md
1164,1.561,0.0009009,0.03,103,0.49,md
1165,1.715,0.003604,0.04,136,0.25,md
1166,1.428,0.00991,0.03,94,-0.05,md
1167,1.024,0.01802,0.01,143,0.75,md
1168,1.921,0.007207,0.04,85,0.85,md
1169,1.821,0.007207,0.03,85,0.87,md
1170,1.466,0.002703,0.06,47,0.23,md
1171,1.471,0.01081,0.04,108,1.23,md
1172,2.34,0.007207,0.04,43,0.72,md
1173,2.017,0.003604,0.12,73,0.6,md
1174,1.721,0.007207,0.03,85,0.66,md
1175,1.898,0.01171,0.03,105,0.47,md
1176,1.552,0.004505,0.04,84,-0.11,md
1177,0.014,0.01712,0.02,167,0.35,md
1178,1.901,0.007207,0.03,150,0.37,md
1179,2.127,0.01081,0.03,106,-0.03,md
1180,1.644,0.02252,0.05,107,0.86,md
1181,1.94,0.004505,0.03,47,-0.03,md
1182,1.698,0.01622,0.02,85,1.55,md
1183,7.012,0.1396,0.03,93,0.39,md
1184,1.921,0.007207,0.02,86,0.31,md
1185,0.411,0.006306,0.02,108,1.14,md
1186,1.991,0.005405,0.03,85,-0.01,md
1187,1.764,0.01892,0.02,104,0.77,md
1188,1.981,0.005405,0.03,84,0.36,md
1189,1.577,0.0009009,0.07,77,1.54,md
1190,1.921,0.008108,0.05,47,0.74,md
1191,1.651,0.00991,0.05,83,0.75,md
1192,1.841,0.005405,0.04,83,0.71,md
1193,3.141,0.006306,0.04,71,0.44,md
1194,1.631,0.006306,0.04,72,-0.05,md
1195,1.265,0.01171,0.04,83,-0.07,md
1196,1.171,0.01171,0.02,84,0.13,md
1197,0.811,0.01351,0.05,106,-0.06,md
1198,0.971,0.004505,0.05,84,0.99,md
1199,2.163,0.01712,0.05,120,0.61,md
1200,2.15,0.008108,0.04,54,0.3,md
1201,1.101,0.004505,0.02,106,-0.07,md
1202,1.002,0.02432,0.03,203,0.35,md
1203,1.332,0.006306,0.05,74,0.57,md
1204,1.951,0.01081,0.06,93,1.44,md
1205,2.441,0.008108,0.04,41,1.56,md
1206,1.52,0.006306,0.06,62,1.23,md
1207,1.991,0.006306,0.04,84,-0.08,md
1208,0.987,0.005405,0.04,85,0.12,md
1209,1.767,0.01261,0.05,82,1.39,md
1210,1.681,0.007207,0.06,44,0.62,md
1211,1.801,0.005405,0.06,84,0.17,md
1212,3.176,0.01982,0.07,130,-0.04,md
1213,1.361,0.004505,0.08,84,0.75,md
1214,1.177,0.001802,0.07,78,0.2,md
1215,1.331,0.001802,0.07,78,1.61,md
1216,1.871,0.007207,0.07,48,0.01,md
1217,1.338,0.01261,0.07,90,0.73,md
1218,1.611,0.008108,0.06,86,-0.07,md
1219,1.138,0.01261,0.08,85,0.11,md
1220,1.901,0.01532,0.06,101,0.81,md
1221,3.55,0.1144,0.11,72,-0.16,md
1222,1.137,0.01171,0.04,142,-0.21,md
1223,1.267,0.01532,0.04,112,0.14,md
1224,1.61,0.005405,0.05,105,0.64,md
1225,2.021,0.01441,0.05,97,0.95,md
1226,1.331,0.006306,0.06,87,0.97,md
1227,1.551,0.007207,0.07,86,0.13,md
1228,1.248,0.02252,0.06,84,0.3,md
1229,0.961,0.004505,0.05,84,1.04,md
1230,1.891,0.007207,0.05,86,-0.16,md
1231,2.574,0.01802,0.02,151,0.34,md
1232,1.227,0.01261,0.04,84,-0.31,md
1233,1.624,0.02072,0.05,168,1.19,md
1234,1.87,0.008108,0.04,58,0.4,md
1235,2.38,0.005405,0.03,46,0.34,md
1236,1.775,0.006306,0.06,46,-0.04,md
1237,0.821,0.00991,0.05,151,0.01,md
1238,1.331,0.008108,0.07,73,0.24,md
1239,1.811,0.00991,0.04,215,-0.08,md
1240,1.184,0.008108,0.01,157,0.05,md
1241,1.681,0.01081,0.06,106,0.77,md
1242,1.95,0.006306,0.04,44,0.05,md
1243,1.131,0.01171,0.06,162,0.51,md
1244,2.881,0.009009,0.01,165,0.19,md
1245,1.801,0.009009,0.04,91,0.37,md
1246,2.201,0.007207,0.03,102,0.25,md
1247,1.911,0.00991,0.04,120,0.67,md
1248,2.271,0.007207,0.02,70,-0.03,md
1249,2.333,0.009009,0.07,140,1.02,md
1250,1.99,0.009009,0.05,57,0.08,md
1251,1.601,0.01171,0.05,108,1.13,md
1252,2.761,0.006306,0.04,85,0.89,md
1253,2.331,0.007207,0.04,59,1.52,md
1254,2.1,0.007207,0.05,41,-0.06,md
1255,1.361,0.003604,0.05,94,-0.05,md
1256,1.604,0.01261,0.03,149,0.35,md
1257,1.418,0.009009,0.03,81,0.71,md
1258,1.631,0.007207,0.08,101,0.43,md
1259,2.294,0.01261,0.01,105,0.96,md
1260,2.156,0.01171,0.04,85,1.24,md
1261,2.101,0.01081,0.05,53,-0.07,md
1262,1.954,0.01261,0.01,105,0.43,md
1263,2.474,0.01351,0.02,106,1.11,md
1264,1.909,0.01261,0.05,69,0.6,md
1265,2.018,0.01351,0.04,87,-0.05,md
1266,1.964,0.01351,0.01,100,-0.06,md
1267,1.384,0.01351,0.01,172,0.35,md
1268,1.748,0.01261,0.04,82,0.58,md
1269,2.308,0.01351,0.04,88,0.28,md
1270,2.438,0.01622,0.04,88,0.09,md
1271,1.535,0.02523,0.04,112,-0.05,md
1272,3.048,0.01081,0.04,92,0.39,md
1273,2.068,0.01441,0.05,84,1.05,md
1274,3.001,0.01351,0.1,96,1.24,md
1275,1.871,0.00991,0.04,83,0.75,md
1276,2.378,0.01261,0.03,94,0.33,md
1277,1.877,0.01532,0.03,86,0.33,md
1278,1.771,0.006306,0.03,87,-0.21,md
1279,0.864,0.02252,0.03,201,0.13,md
1280,2.201,0.003604,0.08,104,0.24,md
1281,1.301,0.001802,0.06,110,-0.08,md
1282,3.434,0.01712,0.01,189,0.83,md
1283,2.101,0.008108,0.04,61,0.31,md
1284,1.797,0.01081,0.04,106,0.53,md
1285,2.417,0.01441,0.04,84,0.4,md
1286,2.484,0.01712,0.05,89,0.65,md
1287,5.106,0.01351,0.07,86,0.11,md
1288,1.739,0.00991,0.06,91,0.13,md
1289,2.271,0.02252,0.02,103,0.59,md
1290,1.571,0.006306,0.04,87,-0.03,md
1291,1.224,0.02162,0.03,150,0.5,md
1292,3.754,0.009009,0.02,169,0.4,md
1293,2.151,0.00991,0.03,84,2.01,md
1294,19.286,0.218,0.23,80,0.38,md
1295,1.895,0.00991,0.11,147,0.31,md
1296,1.778,0.01351,0.04,88,-0.07,md
1297,0.319,0.01081,0.01,130,0.6,md
1298,1.656,0.01622,0.04,128,0.32,md
1299,1.208,0.01261,0.05,77,0.59,md
1300,0.223,0.00991,0.03,126,0.17,md
1301,0.333,0.009009,0.03,124,1.53,md
1302,1.292,0.03243,0.22,71,0.32,md
1303,0.547,0.00991,0.03,108,0.26,md
1304,0.027,0.004505,0.03,101,0.24,md
1305,3.357,0.00991,0.09,111,0.64,md
1306,1.157,0.0,0.03,77,0.72,md
1307,0.401,0.01081,0.05,107,0.91,md
1308,3.037,0.01081,0.08,100,0.04,md
1309,1.738,0.00991,0.02,111,0.65,md
1310,0.877,0.003604,0.03,82,1.31,md
1311,0.188,0.00991,0.05,106,1.31,md
1312,0.967,0.002703,0.04,81,0.75,md
1313,0.61,0.005405,0.04,66,0.36,md
1314,1.265,0.005405,0.01,171,0.31,md
1315,0.906,0.009009,0.02,103,0.06,md
1316,0.528,0.006306,0.04,87,0.25,md
1317,0.257,0.01171,0.03,142,-0.22,md
1318,0.044,0.02523,0.01,149,0.75,md
1319,1.017,0.003604,0.03,82,0.3,md
1320,1.288,0.01261,0.03,86,0.53,md
1321,1.347,0.006306,0.06,86,1.4,md
1322,0.571,0.008108,0.03,94,1.54,md
1323,2.031,0.007207,0.04,61,0.75,md
1324,0.607,0.005405,0.05,81,1.35,md
1325,0.957,0.006306,0.02,89,0.97,md
1326,0.963,0.008108,0.02,117,1.22,md
1327,1.027,0.008108,0.02,98,0.25,md
1328,-0.183,0.01081,0.05,99,0.41,md
1329,0.957,0.006306,0.04,88,0.7,md
1330,1.117,0.007207,0.05,85,0.39,md
1331,-0.583,0.005405,0.04,124,1.4,md
1332,1.257,0.004505,0.04,85,0.65,md
1333,0.807,0.005405,0.01,117,0.92,md
1334,7.136,0.01441,0.11,116,1.93,md
1335,1.916,0.01171,0.07,97,-0.14,md
1336,1.507,0.01261,0.02,116,0.67,md
1337,2.051,0.008108,0.04,87,1.04,md
1338,2.26,0.008108,0.04,72,1.07,md
1339,2.6,0.007207,0.05,75,0.17,md
1340,2.845,0.008108,0.04,82,-0.05,md
1341,1.446,0.007207,0.07,103,0.39,md
1342,2.03,0.003604,0.05,75,0.34,md
1343,1.07,0.007207,0.06,60,0.32,md
1344,-0.293,0.008108,0.07,87,0.84,md
1345,0.851,0.007207,0.04,119,0.35,md
1346,1.901,0.006306,0.03,102,0.34,md
1347,2.061,0.008108,0.03,105,-0.08,md
1348,0.576,0.01081,0.05,172,0.95,md
1349,-0.029,0.007207,0.04,163,0.02,md
1350,-0.286,0.01712,0.02,169,-0.01,md
1351,0.603,0.004505,0.05,155,0.1,md
1352,1.181,0.02523,0.03,106,-0.08,md
1353,1.404,0.01712,0.03,142,-0.03,md
1354,1.784,0.02342,0.07,158,0.68,md
1355,0.324,0.004505,0.02,123,0.36,md
1356,2.615,0.01171,0.04,105,0.28,md
1357,1.258,0.01081,0.05,143,0.68,md
1358,0.936,0.003604,0.04,84,0.51,md
1359,1.501,0.01351,0.05,165,0.35,md
1360,-1.179,0.01441,0.07,156,0.12,md
1361,0.572,0.006306,0.04,112,0.16,md
1362,-2.774,0.01532,0.09,150,0.67,md
1363,2.32,0.007207,0.03,51,0.16,md
1364,1.577,0.009009,0.09,148,0.45,md
1365,1.781,0.004505,0.03,70,0.46,md
1366,2.411,0.006306,0.04,69,0.35,md
1367,1.341,0.009009,0.04,152,1.21,md
1368,1.781,0.004505,0.04,49,-0.04,md
1369,1.721,0.008108,0.06,187,1.87,md
1370,1.98,0.006306,0.06,37,0.47,md
1371,2.851,0.004505,0.04,68,0.22,md
1372,0.36,0.001802,0.04,80,-0.11,md
1373,0.711,0.004505,0.06,138,0.1,md
1374,1.061,0.009009,0.03,121,-0.05,md
1375,1.077,0.008108,0.05,150,0.89,md
1376,2.781,0.006306,0.03,63,0.43,md
1377,6.279,0.01261,0.03,157,0.32,md
1378,1.749,0.00991,0.02,139,0.86,md
1379,2.265,0.008108,0.04,52,0.18,md
1380,2.221,0.004505,0.02,144,0.12,md
1381,1.769,0.00991,0.07,142,0.08,md
1382,1.634,0.01081,0.02,175,0.51,md
1383,2.761,0.005405,0.03,70,1.08,md
1384,1.789,0.03333,0.07,159,0.63,md
1385,1.801,0.007207,0.03,92,0.11,md
1386,1.321,0.01081,0.04,107,0.49,md
1387,2.049,0.01171,0.05,136,0.61,md
1388,2.151,0.009009,0.02,125,0.18,md
1389,1.001,0.01081,0.03,205,0.37,md
1390,2.081,0.006306,0.02,102,0.25,md
1391,2.791,0.01171,0.06,207,0.11,md
1392,1.611,0.01081,0.04,157,1.45,md
1393,2.35,0.007207,0.05,41,0.37,md
1394,1.981,0.009009,0.05,74,0.64,md
1395,1.49,0.002703,0.06,76,-0.2,md
1396,0.383,0.00991,0.04,155,0.14,md
1397,2.341,0.007207,0.04,102,0.2,md
1398,1.121,0.00991,0.05,107,0.42,md
1399,1.94,0.007207,0.04,47,0.29,md
1400,1.701,0.009009,0.04,109,0.51,md
1401,1.399,0.07387,0.04,142,1.0,md
1402,2.16,0.008108,0.05,54,1.27,md
1403,1.93,0.004505,0.03,75,0.25,md
1404,0.892,0.009009,0.06,121,0.64,md
1405,4.694,0.02162,0.06,284,0.76,md
1406,2.14,0.006306,0.04,54,1.52,md
1407,3.683,0.07027,0.03,99,-0.03,md
1408,0.921,0.01261,0.04,211,0.32,md
1409,1.201,0.007207,0.04,93,1.12,md
1410,1.8,0.007207,0.04,47,0.69,md
1411,2.251,0.008108,0.05,89,0.13,md
1412,1.578,0.01081,0.02,130,0.22,md
1413,3.946,0.007207,0.03,148,0.0,md
1414,1.379,0.01081,0.02,108,0.57,md
1415,2.371,0.008108,0.04,94,0.47,md
1416,2.25,0.007207,0.05,70,0.67,md
1417,2.471,0.006306,0.03,73,-0.14,md
1418,4.777,0.006306,0.04,156,-0.06,md
1419,0.914,0.02162,0.03,167,0.61,md
1420,2.31,0.007207,0.04,62,0.36,md
1421,1.651,0.01171,0.09,172,0.99,md
1422,2.495,0.004505,0.06,156,0.65,md
1423,1.711,0.01081,0.06,113,0.67,md
1424,4.474,0.001802,0.05,100,0.39,md
1425,0.207,0.01171,0.07,94,0.59,md
1426,2.641,0.005405,0.02,64,0.52,md
1427,2.891,0.006306,0.03,84,1.43,md
1428,1.82,0.006306,0.05,46,0.19,md
1429,1.691,0.01171,0.06,162,0.07,md
1430,2.283,0.002703,0.02,149,0.35,md
1431,1.797,0.005405,0.05,71,0.09,md
1432,2.463,0.009009,0.02,194,0.29,md
1433,1.241,0.01081,0.06,118,0.13,md
1434,2.291,0.008108,0.03,73,0.09,md
1435,1.141,0.006306,0.07,143,0.11,md
1436,1.341,0.008108,0.03,148,0.27,md
1437,5.429,0.06667,0.02,255,0.13,md
1438,2.611,0.01351,0.06,117,1.05,md
1439,8.47,0.02973,0.16,70,0.02,md
1440,-1.484,0.01622,0.16,157,0.5,md
1441,2.181,0.01351,0.06,99,0.32,md
1442,2.381,0.01171,0.03,96,0.29,md
1443,0.973,0.01081,0.06,86,0.64,md
1444,2.301,0.007207,0.04,85,0.24,md
1445,1.699,0.01351,0.17,182,0.5,md
1446,1.47,0.004505,0.07,46,-0.06,md
1447,0.344,0.02072,0.02,187,0.01,md
1448,0.265,0.02613,0.05,111,0.31,md
1449,2.217,0.003604,0.03,84,0.12,md
1450,1.591,0.004505,0.03,83,-0.01,md
1451,2.089,0.01171,0.05,107,0.13,md
1452,0.281,0.002703,0.05,131,0.36,md
1453,1.33,0.006306,0.07,73,0.4,md
1454,2.461,0.006306,0.04,72,0.44,md
1455,1.831,0.01081,0.05,84,-0.17,md
1456,1.411,0.008108,0.05,195,0.34,md
1457,1.631,0.008108,0.03,78,-0.11,md
1458,2.381,0.01351,0.05,209,0.51,md
1459,1.991,0.009009,0.05,111,-0.04,md
1460,1.879,0.00991,0.06,135,0.08,md
1461,1.381,0.01171,0.04,117,1.13,md
1462,2.0,0.006306,0.04,42,0.38,md
1463,1.301,0.00991,0.07,176,0.02,md
1464,2.531,0.006306,0.02,86,0.68,md
1465,1.83,0.007207,0.04,47,0.21,md
1466,1.591,0.009009,0.03,111,-0.23,md
1467,-0.149,0.01351,0.06,203,0.59,md
1468,1.631,0.01081,0.05,49,0.34,md
1469,2.402,0.01261,0.05,139,0.84,md
1470,1.85,0.006306,0.05,93,0.29,md
1471,1.226,0.002703,0.05,54,0.26,md
1472,4.101,0.01441,0.05,216,0.01,md
1473,1.992,0.006306,0.02,73,0.76,md
1474,2.176,0.003604,0.07,60,1.2,md
1475,1.546,0.003604,0.05,51,0.91,md
1476,-0.364,0.02523,0.02,123,-0.01,md
1477,1.782,0.008108,0.05,77,0.29,md
1478,1.732,0.006306,0.05,73,0.57,md
1479,2.322,0.01171,0.05,138,0.37,md
1480,1.771,0.008108,0.05,71,0.45,md
1481,1.741,0.009009,0.05,45,0.72,md
1482,1.94,0.008108,0.05,57,0.53,md
1483,2.23,0.006306,0.04,41,0.32,md
1484,1.252,0.01171,0.04,73,0.07,md
1485,2.121,0.007207,0.03,105,1.43,md
1486,3.288,0.09099,0.04,122,0.17,md
1487,1.349,0.02162,0.03,197,0.13,md
1488,1.711,0.008108,0.05,97,0.15,md
1489,1.741,0.009009,0.06,143,0.04,md
1490,0.931,0.00991,0.05,107,0.92,md
1491,2.72,0.006306,0.03,56,0.61,md
1492,2.21,0.007207,0.04,52,1.54,md
1493,2.04,0.007207,0.06,44,-0.01,md
1494,1.581,0.03514,0.1,215,0.33,md
1495,2.002,0.01081,0.06,76,0.31,md
1496,2.171,0.008108,0.06,100,0.56,md
1497,1.602,0.01171,0.05,46,0.12,md
1498,1.532,0.006306,0.06,73,0.44,md
1499,1.951,0.008108,0.04,42,-0.04,md
1500,1.112,0.007207,0.07,75,0.34,md
1501,1.885,0.007207,0.05,47,-0.25,md
1502,2.161,0.00991,0.06,153,0.04,md
1503,2.181,0.01171,0.04,199,0.36,md
1504,2.19,0.006306,0.05,43,0.11,md
1505,1.221,0.007207,0.05,105,-0.29,md
1506,1.551,0.01441,0.03,207,0.14,md
1507,0.601,0.01081,0.03,157,0.09,md
1508,2.131,0.007207,0.06,103,0.37,md
1509,2.285,0.008108,0.05,57,0.41,md
1510,1.83,0.005405,0.05,45,1.15,md
1511,5.11,0.05405,0.07,69,0.78,md
1512,2.01,0.007207,0.04,44,0.17,md
1513,1.395,0.008108,0.05,94,-0.01,md
1514,1.421,0.008108,0.06,150,0.6,md
1515,1.55,0.007207,0.05,48,1.43,md
1516,1.73,0.007207,0.06,51,0.1,md
1517,1.431,0.008108,0.07,103,0.34,md
1518,1.892,0.008108,0.05,66,-0.02,md
1519,1.411,0.00991,0.06,154,0.1,md
1520,1.871,0.009009,0.04,106,0.1,md
1521,1.461,0.006306,0.09,110,0.56,md
1522,2.121,0.007207,0.04,51,0.88,md
1523,2.091,0.005405,0.04,61,0.13,md
1524,1.841,0.008108,0.03,103,0.14,md
1525,2.032,0.008108,0.04,78,0.09,md
1526,1.081,0.007207,0.07,147,0.34,md
1527,-0.005,0.01261,0.06,91,1.13,md
1528,2.29,0.008108,0.05,57,0.44,md
1529,1.891,0.007207,0.05,45,0.11,md
1530,4.197,0.01081,0.01,155,-0.34,md
1531,2.349,0.00991,0.07,167,0.87,md
1532,1.97,0.007207,0.04,49,1.86,md
1533,2.08,0.001802,0.08,49,0.31,md
1534,4.257,0.01622,0.12,76,-0.15,md
1535,2.091,0.006306,0.01,92,0.04,md
1536,2.171,0.01171,0.03,204,0.12,md
1537,1.161,0.006306,0.06,184,0.08,md
1538,1.701,0.004505,0.05,107,0.64,md
1539,2.392,0.008108,0.04,67,0.87,md
1540,2.141,0.009009,0.05,41,0.64,md
1541,2.231,0.008108,0.04,55,-0.04,md
1542,1.691,0.007207,0.05,190,0.01,md
1543,1.871,0.005405,0.08,140,1.66,md
1544,17.944,0.07477,0.16,149,0.14,md
1545,1.661,0.00991,0.03,165,0.04,md
1546,0.861,0.004505,0.06,139,0.34,md
1547,1.842,0.009009,0.03,66,0.05,md
1548,1.841,0.01532,0.04,171,0.75,md
1549,1.801,0.01081,0.05,44,1.15,md
1550,2.16,0.006306,0.04,42,0.09,md
1551,0.661,0.004505,0.03,137,-0.01,md
1552,1.559,0.009009,0.04,130,0.94,md
1553,2.46,0.006306,0.04,60,0.63,md
1554,2.432,0.1414,0.03,185,0.39,md
1555,2.293,0.005405,0.05,157,0.82,md
1556,1.55,0.006306,0.06,59,0.13,md
1557,1.333,0.002703,0.06,107,0.64,md
1558,2.317,0.008108,0.04,61,0.06,md
1559,2.96,0.006306,0.1,109,0.12,md
1560,1.894,0.01802,0.03,154,0.34,md
1561,1.582,0.01171,0.06,100,0.34,md
1562,2.121,0.004505,0.06,83,0.87,md
1563,1.941,0.00991,0.06,58,-0.05,md
1564,0.534,0.02072,0.01,189,0.95,md
1565,2.281,0.009009,0.05,87,-0.25,md
1566,1.324,0.01982,0.03,193,0.36,md
1567,1.441,0.008108,0.06,89,0.36,md
1568,2.248,0.01982,0.03,85,0.36,md
1569,2.102,0.008108,0.04,85,0.37,md
1570,2.081,0.006306,0.03,85,0.08,md
1571,2.618,0.02162,0.01,85,0.65,md
1572,2.171,0.007207,0.05,85,0.64,md
1573,1.701,0.004505,0.04,81,0.34,md
1574,2.118,0.01351,0.04,88,0.58,md
1575,1.58,0.009009,0.05,54,-0.17,md
1576,1.732,0.009009,0.06,125,-0.15,md
1577,1.178,0.02162,0.04,89,0.44,md
1578,2.011,0.006306,0.05,83,0.89,md
1579,2.63,0.005405,0.05,38,0.61,md
1580,2.34,0.007207,0.04,44,0.37,md
1581,2.002,0.008108,0.06,72,0.36,md
1582,1.552,0.007207,0.06,51,-0.29,md
1583,2.151,0.007207,0.06,185,0.46,md
1584,1.9,0.007207,0.04,51,0.37,md
1585,2.092,0.007207,0.05,45,0.53,md
1586,2.01,0.005405,0.05,49,0.36,md
1587,1.471,0.00991,0.05,47,0.07,md
1588,1.712,0.01171,0.03,130,0.01,md
1589,1.012,0.001802,0.02,101,0.37,md
1590,2.08,0.006306,0.04,46,-0.34,md
1591,1.959,0.006306,0.07,161,0.08,md
1592,1.461,0.007207,0.04,149,0.37,md
1593,1.865,0.006306,0.06,60,0.12,md
1594,1.451,0.006306,0.03,143,-0.34,md
1595,0.711,0.004505,0.03,137,0.07,md
1596,1.511,0.007207,0.06,111,0.03,md
1597,1.614,0.007207,0.1,108,0.35,md
1598,1.5,0.007207,0.05,63,0.38,md
1599,2.107,0.008108,0.05,70,-0.09,md
1600,3.811,0.00991,0.04,192,0.76,md
1601,2.09,0.005405,0.04,43,-0.05,md
1602,1.631,0.005405,0.09,178,0.39,md
1603,2.83,0.006306,0.02,53,-0.22,md
1604,2.201,0.004505,0.04,114,0.4,md
1605,2.361,0.005405,0.03,83,0.12,md
1606,2.012,0.008108,0.04,78,-0.26,md
1607,1.052,0.004505,0.07,108,0.08,md
1608,1.082,0.008108,0.04,120,-0.29,md
1609,1.852,0.009009,0.04,126,0.05,md
1610,1.238,0.02072,0.04,85,0.12,md
1611,1.692,0.009009,0.04,78,-0.09,md
1612,0.872,0.005405,0.05,72,0.35,md
1613,1.912,0.008108,0.05,44,0.4,md
1614,1.91,0.008108,0.06,55,0.51,md
1615,5.483,0.1378,0.03,182,0.06,md
1616,0.68,0.01982,0.04,114,-0.26,md
1617,2.324,0.01982,0.06,202,0.16,md
1618,1.778,0.01892,0.03,88,-0.01,md
1619,2.414,0.01351,0.03,181,-0.04,md
1620,1.812,0.009009,0.08,125,0.83,md
1621,2.241,0.008108,0.04,44,0.52,md
1622,1.601,0.008108,0.06,52,-0.1,md
1623,0.904,0.01802,0.02,146,0.99,md
1624,2.005,0.008108,0.05,83,1.06,md
1625,14.191,0.01532,0.05,78,0.34,md
1626,1.582,0.009009,0.06,49,0.13,md
1627,1.091,0.007207,0.04,192,0.71,md
1628,0.901,0.01351,0.05,129,0.29,md
1629,1.417,0.01081,0.06,89,0.13,md
1630,1.621,0.00991,0.03,113,0.37,md
1631,1.542,0.01081,0.04,47,0.64,md
1632,2.298,0.01982,0.04,82,1.82,md
1633,7.267,0.0991,0.04,60,0.07,md
1634,0.632,0.00991,0.06,106,0.05,md
1635,2.032,0.01081,0.04,157,0.31,md
1636,1.212,0.002703,0.08,105,0.01,md
1637,0.968,0.01892,0.05,107,0.94,md
1638,2.061,0.005405,0.05,61,1.18,md
1639,1.104,0.03784,0.07,141,0.41,md
1640,2.038,0.01712,0.03,83,0.38,md
1641,2.823,0.01261,0.03,89,0.03,md
1642,6.503,0.01081,0.02,96,0.64,md
1643,2.28,0.02072,0.06,84,0.5,md
1644,2.208,0.01261,0.04,84,0.23,md
1645,1.622,0.007207,0.06,58,0.26,md
1646,2.578,0.01712,0.04,136,0.21,md
1647,1.918,0.01892,0.03,88,0.2,md
1648,1.238,0.02432,0.03,102,0.0,md
1649,-0.562,0.007207,0.03,112,0.69,md
1650,1.277,0.004505,0.02,84,0.38,md
1651,1.637,0.002703,0.03,82,0.5,md
1652,1.358,0.01081,0.05,82,0.22,md
1653,2.198,0.01982,0.02,104,-0.03,md
1654,0.458,0.02252,0.03,130,0.05,md
1655,-1.876,0.02613,0.09,147,0.19,md
1656,1.188,0.02162,0.03,107,-0.17,md
1657,1.654,0.02072,0.04,141,0.45,md
1658,2.121,0.007207,0.04,60,0.46,md
1659,1.296,0.01171,0.05,109,-0.02,md
1660,1.262,0.009009,0.07,126,1.07,md
1661,5.308,0.01802,0.02,101,0.28,md
1662,-1.24,0.02523,0.03,204,0.02,md
1663,1.194,0.02072,0.03,137,0.04,md
1664,2.434,0.02613,0.04,219,0.61,md
1665,1.181,0.01261,0.05,102,-0.19,md
1666,1.628,0.02162,0.02,134,0.22,md
1667,4.748,0.01892,0.02,131,0.07,md
1668,0.677,0.01351,0.07,111,0.17,md
1669,0.866,0.01441,0.05,114,0.08,md
1670,1.067,0.01441,0.07,108,-0.24,md
1671,0.789,0.01081,0.02,104,0.32,md
1672,1.997,0.01441,0.02,109,1.39,md
1673,30.698,0.1883,0.07,307,-0.04,md
1674,1.107,0.007207,0.04,91,-0.08,md
1675,4.868,0.02252,0.07,88,-0.33,md
1676,1.308,0.02162,0.03,99,0.02,md
1677,1.006,0.01171,0.08,106,0.1,md
1678,1.577,0.001802,0.07,78,0.38,md
1679,1.201,0.01351,0.04,105,0.33,md
1680,1.037,0.009009,0.06,95,-0.08,md
1681,0.398,0.02252,0.07,102,0.28,md
1682,1.311,0.005405,0.07,110,0.13,md
1683,1.33,0.006306,0.07,59,0.75,md
1684,1.487,0.008108,0.02,96,1.24,md
1685,-2.097,0.02252,0.08,150,1.01,md
1686,2.533,0.01892,0.08,127,0.97,md
1687,1.327,0.003604,0.07,104,0.85,md
1688,1.267,0.007207,0.02,91,0.39,md
1689,1.481,0.005405,0.07,80,0.4,md
1690,1.462,0.009009,0.02,147,1.68,md
1691,0.733,0.007207,0.03,125,1.47,md
1692,1.957,0.009009,0.04,94,1.77,md
1693,-0.098,0.004505,0.1,94,-0.4,md
1694,1.181,0.001802,0.07,133,-0.15,md
1695,1.431,0.001802,0.07,99,0.31,md
1696,1.771,0.00991,0.1,155,0.6,md
1697,1.422,0.0009009,0.06,76,0.1,md
1698,1.592,0.01261,0.07,48,0.67,md
1699,1.69,0.006306,0.06,59,0.66,md
1700,0.721,0.008108,0.06,123,0.28,md
1701,0.567,0.006306,0.05,89,0.0,md
1702,1.541,0.004505,0.06,140,0.34,md
1703,1.25,0.004505,0.06,51,0.33,md
1704,1.1,0.004505,0.07,63,0.3,md
1705,-1.423,0.01351,0.14,100,0.03,md
1706,1.207,0.006306,0.07,89,0.21,md
1707,0.002,0.008108,0.04,116,-0.01,md
1708,-0.349,0.01171,0.03,116,0.08,md
1709,-1.299,0.01712,0.15,170,0.33,md
1710,0.258,0.01081,0.04,91,0.46,md
1711,1.06,0.005405,0.06,63,0.01,md
1712,1.471,0.006306,0.08,143,-0.14,md
1713,1.992,0.007207,0.06,111,0.68,md
1714,1.422,0.007207,0.07,86,0.08,md
1715,1.521,0.01351,0.1,162,0.24,md
1716,2.292,0.003604,0.07,75,0.17,md
1717,1.173,0.007207,0.05,120,0.82,md
1718,2.151,0.006306,0.06,81,3.06,mw
1719,2.501,0.01081,0.07,32,0.33,md
1720,1.901,0.004505,0.06,79,0.64,md
1721,1.991,0.006306,0.07,80,0.55,md
1722,1.751,0.005405,0.05,81,0.35,md
1723,1.942,0.005405,0.06,101,0.64,md
1724,1.941,0.01081,0.06,81,0.37,md
1725,1.861,0.01081,0.05,81,0.11,md
1726,1.432,0.004505,0.06,81,0.04,md
1727,-1.289,0.00991,0.19,121,0.1,md
1728,1.202,0.01081,0.04,90,0.21,md
1729,4.968,0.01171,0.04,107,0.2,md
1730,1.162,0.01261,0.04,52,0.36,md
1731,1.455,0.007207,0.05,51,0.71,md
1732,1.77,0.007207,0.05,50,-0.01,md
1733,0.941,0.01171,0.06,159,0.38,md
1734,1.81,0.006306,0.07,50,0.64,md
1735,2.37,0.007207,0.05,53,0.39,md
1736,2.476,0.1036,0.03,181,0.35,md
1737,1.6,0.007207,0.06,51,0.14,md
1738,2.15,0.009009,0.05,64,0.2,md
1739,1.092,0.00991,0.05,94,-0.17,md
1740,0.432,0.009009,0.04,122,0.12,md
1741,1.54,0.007207,0.08,46,0.12,md
1742,1.86,0.007207,0.06,51,0.44,md
1743,1.621,0.00991,0.04,45,1.11,md
1744,2.42,0.006306,0.05,40,1.01,md
1745,2.29,0.006306,0.04,44,0.38,md
1746,2.392,0.006306,0.03,62,0.31,md
1747,1.552,0.01081,0.05,93,0.31,md
1748,1.685,0.004505,0.05,53,0.35,md
1749,1.632,0.01081,0.05,53,0.75,md
1750,1.835,0.006306,0.05,49,0.53,md
1751,2.28,0.007207,0.04,45,-0.11,md
1752,1.423,0.006306,0.04,119,0.08,md
1753,1.142,0.009009,0.05,93,0.59,md
1754,1.561,0.004505,0.05,114,0.65,md
1755,1.561,0.006306,0.05,117,0.68,md
1756,1.981,0.006306,0.06,137,0.14,md
1757,0.541,0.006306,0.05,110,0.14,md
1758,0.521,0.002703,0.05,135,0.45,md
1759,1.701,0.006306,0.04,116,0.15,md
1760,1.651,0.004505,0.04,111,0.38,md
1761,2.132,0.006306,0.04,54,-0.33,md
1762,2.131,0.01171,0.08,198,0.35,md
1763,1.465,0.006306,0.04,89,0.38,md
1764,1.97,0.005405,0.04,44,0.34,md
1765,1.472,0.01081,0.05,84,0.34,md
1766,1.432,0.00991,0.05,81,0.48,md
1767,1.495,0.006306,0.06,49,0.62,md
1768,9.072,0.1153,0.02,174,0.36,md
1769,1.722,0.01081,0.07,46,1.1,md
1770,3.938,0.09099,0.08,126,0.35,md
1771,1.482,0.01081,0.06,48,0.1,md
1772,0.931,0.002703,0.04,81,0.3,md
1773,1.402,0.01171,0.05,84,0.38,md
1774,2.012,0.009009,0.04,54,0.07,md
1775,1.094,0.02252,0.04,108,0.61,md
1776,8.452,0.04144,0.04,76,0.87,md
1777,1.801,0.00991,0.05,48,0.2,md
1778,1.382,0.01171,0.06,47,0.1,md
1779,1.104,0.02162,0.03,119,0.36,md
1780,1.422,0.01081,0.06,72,0.72,md
1781,1.882,0.008108,0.05,60,0.33,md
1782,1.702,0.007207,0.04,92,0.32,md
1783,1.511,0.01081,0.05,57,0.1,md
1784,1.171,0.009009,0.03,112,0.37,md
1785,2.672,0.008108,0.03,53,0.35,md
1786,1.412,0.009009,0.04,78,1.21,md
1787,2.322,0.05225,0.09,79,0.08,md
1788,1.218,0.02162,0.04,95,0.24,md
1789,2.182,0.01171,0.05,57,0.01,md
1790,0.094,0.02252,0.02,196,-0.17,md
1791,1.038,0.02342,0.02,91,0.34,md
1792,1.107,0.01081,0.04,90,1.75,md
1793,7.89,0.04865,0.04,85,-0.34,md
1794,0.372,0.002703,0.01,101,0.02,md
1795,2.301,0.01081,0.04,113,0.12,md
1796,1.831,0.00991,0.07,90,1.58,md
1797,8.098,0.08288,0.05,136,0.69,md
1798,1.366,0.1414,0.11,190,-0.06,md
1799,1.741,0.002703,0.05,109,2.04,md
1800,4.22,0.03874,0.08,81,1.45,md
1801,1.68,0.00991,0.06,52,0.38,md
1802,2.33,0.006306,0.04,88,0.1,md
1803,1.471,0.01081,0.07,94,1.49,md
1804,7.109,0.08829,0.07,240,-0.14,md
1805,1.382,0.01081,0.05,90,-0.14,md
1806,2.08,0.005405,0.05,90,0.3,md
1807,1.601,0.007207,0.06,80,0.55,md
1808,6.919,0.001802,0.23,167,0.13,md
1809,2.241,0.008108,0.05,90,0.65,md
1810,1.661,0.006306,0.06,57,1.8,md
1811,2.07,0.009009,0.08,45,1.55,md
1812,2.03,0.006306,0.06,60,0.11,md
1813,1.501,0.01081,0.07,116,0.05,md
1814,6.139,0.009009,0.18,122,0.47,md
1815,2.521,0.008108,0.06,83,0.85,md
1816,1.915,0.01081,0.05,72,0.62,md
1817,2.271,0.00991,0.04,75,0.16,md
1818,1.611,0.009009,0.08,153,0.17,md
1819,3.245,0.01081,0.02,91,0.1,md
1820,1.327,0.01171,0.05,93,0.29,md
1821,0.84,0.006306,0.05,81,1.01,md
1822,1.831,0.00991,0.05,49,0.12,md
1823,1.441,0.01171,0.06,92,0.64,md
1824,1.981,0.01171,0.04,51,0.95,md
1825,1.32,0.003604,0.05,46,0.45,md
1826,1.022,0.002703,0.04,79,-0.22,md
1827,-0.427,0.01441,0.04,144,0.12,md
1828,1.421,0.00991,0.04,73,0.63,md
1829,1.781,0.00991,0.05,56,0.35,md
1830,1.531,0.01081,0.05,113,0.28,md
1831,1.742,0.01171,0.07,89,0.9,md
1832,2.618,0.09099,0.05,122,1.76,md
1833,6.249,0.07477,0.08,148,0.09,md
1834,0.948,0.01171,0.03,83,0.33,md
1835,2.884,0.01261,0.05,220,0.46,md
1836,1.698,0.01892,0.06,80,0.31,md
1837,0.817,0.01171,0.04,86,0.76,md
1838,2.389,0.1243,0.03,122,0.58,md
1839,1.771,0.00991,0.06,49,0.71,md
1840,1.72,0.00991,0.02,90,0.3,md
1841,1.387,0.006306,0.04,86,1.16,md
1842,2.201,0.005405,0.04,53,1.75,md
1843,2.071,0.01261,0.08,37,1.32,md
1844,3.171,0.004505,0.04,52,0.4,md
1845,2.902,0.003604,0.04,81,0.49,md
1846,2.641,0.007207,0.04,54,0.11,md
1847,1.83,0.008108,0.06,84,1.1,md
1848,4.22,0.01261,0.08,47,1.24,md
1849,2.13,0.006306,0.05,44,0.12,md
1850,1.272,0.01171,0.06,92,1.67,ml
1851,28.27,0.2801,0.18,108,2.11,md
1852,5.572,0.04144,0.05,48,0.78,md
1853,2.44,0.007207,0.05,59,0.45,md
1854,3.969,0.05586,0.04,261,0.95,md
1855,3.6,0.07748,0.07,55,0.1,md
1856,1.402,0.007207,0.06,88,0.12,md
1857,1.502,0.009009,0.07,87,0.14,md
1858,2.312,0.007207,0.06,88,-0.25,md
1859,2.942,0.006306,0.05,87,0.06,md
1860,1.581,0.006306,0.06,114,0.08,md
1861,0.751,0.00991,0.03,122,1.49,md
1862,1.95,0.02432,0.05,104,1.47,md
1863,3.564,0.03784,0.05,107,0.9,md
1864,10.004,0.2063,0.03,331,1.06,md
1865,5.869,0.2441,0.16,135,0.34,md
1866,2.417,0.008108,0.05,86,0.87,md
1867,1.9,0.006306,0.04,46,0.21,md
1868,1.897,0.009009,0.07,87,2.3,md
1869,5.038,0.05315,0.05,51,0.26,md
1870,1.692,0.01171,0.06,74,1.18,md
1871,2.36,0.007207,0.06,55,0.03,md
1872,1.841,0.009009,0.07,87,0.81,md
1873,7.702,0.01261,0.07,140,2.53,md
1874,5.088,0.05315,0.04,51,0.42,md
1875,2.573,0.1288,0.03,177,0.39,md
1876,1.672,0.00991,0.04,124,1.25,md
1877,6.146,0.02162,0.03,186,0.12,md
1878,1.031,0.004505,0.05,104,0.59,md
1879,8.749,0.05315,0.06,146,0.11,md
1880,1.552,0.00991,0.07,89,0.18,md
1881,4.489,0.06126,0.02,147,0.17,md
1882,0.149,0.01171,0.04,121,0.51,md
1883,4.302,0.05856,0.02,154,0.09,md
1884,2.701,0.01261,0.03,77,0.1,md
1885,1.237,0.01081,0.06,88,-0.15,md
1886,0.934,0.02162,0.02,121,0.41,md
1887,6.452,0.01712,0.04,71,0.65,md
1888,1.797,0.009009,0.05,50,0.83,md
1889,1.831,0.009009,0.04,41,0.1,md
1890,1.641,0.01171,0.04,161,0.66,md
1891,2.25,0.005405,0.03,51,0.68,md
1892,2.284,0.04865,0.05,226,0.83,md
1893,4.866,0.05766,0.07,51,1.61,md
1894,3.944,0.03874,0.04,148,1.21,md
1895,6.431,0.05856,0.02,99,1.92,md
1896,6.488,0.02162,0.08,79,0.2,md
1897,3.831,0.03784,0.02,161,0.36,md
1898,1.15,0.004505,0.04,78,0.59,md
1899,8.314,0.08468,0.09,161,0.22,md
1900,1.426,0.005405,0.04,65,1.05,md
1901,11.149,0.09189,0.03,229,0.94,md
1902,5.895,0.02883,0.03,96,0.67,md
1903,6.079,0.02973,0.02,98,0.4,md
1904,8.308,0.03243,0.02,172,-0.15,md
1905,2.151,0.003604,0.04,133,0.01,md
1906,1.811,0.0009009,0.06,75,-0.01,md
1907,2.86,0.003604,0.03,127,0.71,md
1908,1.956,0.005405,0.03,45,0.17,md
1909,2.622,0.007207,0.03,120,0.03,md
1910,1.551,0.008108,0.02,149,1.67,md
1911,2.56,0.006306,0.06,43,1.36,md
1912,1.67,0.007207,0.05,50,2.04,md
1913,1.78,0.008108,0.06,44,1.1,md
1914,5.344,0.1694,0.14,107,0.86,md
1915,4.085,0.07477,0.04,128,1.19,md
1916,4.599,0.08468,0.04,108,0.32,md
1917,2.16,0.01261,0.04,71,1.68,ml
1918,4.254,0.5246,0.09,170,0.59,md
1919,1.752,0.004505,0.05,82,0.12,md
1920,1.4,0.005405,0.05,48,0.28,md
1921,1.381,0.00991,0.06,128,0.09,md
1922,1.271,0.003604,0.07,76,0.52,md
1923,8.739,0.08288,0.01,301,0.64,md
1924,1.44,0.005405,0.06,43,0.74,md
1925,3.539,0.1189,0.15,123,1.41,md
1926,5.12,0.1009,0.06,89,1.08,md
1927,4.226,0.02162,0.09,102,0.71,md
1928,3.996,0.02342,0.06,152,0.22,md
1929,10.752,0.01802,0.17,102,0.23,md
1930,-0.167,0.08919,0.4,332,1.39,md
1931,10.487,0.1207,0.08,120,0.28,md
1932,1.571,0.01261,0.05,57,1.26,md
1933,5.138,0.04234,0.06,96,1.24,md
1934,6.857,0.0964,0.04,111,0.99,md
1935,10.096,0.06937,0.09,57,1.81,md
1936,11.264,0.03964,0.03,68,0.52,md
1937,5.267,0.06126,0.03,145,1.6,md
1938,7.494,0.07928,0.08,137,0.46,md
1939,5.103,0.06126,0.02,239,1.32,md
1940,10.051,0.01441,0.06,50,2.2,md
1941,15.102,0.05856,0.07,147,0.45,md
1942,11.489,0.01351,0.09,215,1.15,md
1943,6.045,0.01532,0.05,185,0.26,md
1944,10.831,0.01982,0.08,68,1.37,md
1945,4.482,0.1396,0.08,130,1.71,md
1946,9.452,0.02072,0.14,102,2.99,md
1947,10.266,0.02523,0.09,80,0.39,md
1948,1.46,0.005405,0.09,38,0.34,md
1949,13.113,0.01622,0.04,93,1.1,md
1950,3.968,0.04144,0.09,101,1.25,md
1951,4.603,0.05405,0.06,111,0.93,md
1952,6.118,0.02793,0.05,164,0.36,md
1953,6.803,0.07928,0.04,167,0.17,md
1954,3.957,0.06216,0.01,308,0.29,md
1955,5.343,0.05856,0.07,151,0.92,md
1956,4.537,0.2198,0.15,137,1.07,md
1957,8.567,0.2252,0.05,137,0.91,md
1958,8.526,0.04775,0.17,65,0.88,md
1959,3.537,0.2261,0.21,138,0.87,md
1960,7.677,0.2216,0.2,137,0.88,md
1961,3.918,0.02252,0.06,50,0.93,md
1962,6.136,0.06396,0.11,54,0.51,md
1963,2.354,0.02883,0.06,249,1.82,md
1964,6.038,0.03964,0.06,135,1.0,md
1965,5.288,0.03874,0.04,141,1.65,md
1966,6.989,0.06757,0.06,103,-0.07,md
1967,-1.003,0.02793,0.09,287,0.7,md
1968,2.593,0.1369,0.09,183,0.51,md
1969,1.372,0.06396,0.03,135,-0.27,md
1970,1.922,0.009009,0.03,125,0.51,md
1971,9.612,0.05946,0.01,157,0.07,md
1972,1.511,0.004505,0.07,83,1.03,md
1973,5.425,0.2595,0.39,75,1.54,md
1974,5.316,0.1667,0.25,106,0.1,md
1975,5.237,0.03874,0.09,232,0.79,md
1976,5.619,0.06126,0.04,140,-0.16,md
1977,0.921,0.00991,0.04,122,-0.35,md
1978,0.967,0.00991,0.04,95,0.34,md
1979,1.76,0.005405,0.06,50,0.74,md
1980,6.139,0.06126,0.02,153,1.69,md
1981,5.152,0.03153,0.06,95,0.85,md
1982,4.919,0.07477,0.04,155,1.08,md
1983,4.023,0.1297,0.08,127,0.42,md
1984,5.705,0.06126,0.03,153,1.01,md
1985,7.086,0.006306,0.14,105,0.56,md
1986,4.899,0.118,0.03,124,0.34,md
1987,5.209,0.06216,0.05,153,0.39,md
1988,5.389,0.0955,0.01,167,0.88,md
1989,5.397,0.0991,0.05,113,0.3,md
1990,5.589,0.06306,0.04,154,1.0,md
1991,4.434,0.02973,0.05,155,1.14,md
1992,6.039,0.06216,0.03,101,0.33,md
1993,1.937,0.06847,0.15,152,0.02,md
1994,1.307,0.04054,0.03,265,0.04,md
1995,-1.051,0.03063,0.01,244,0.49,md
1996,2.994,0.02613,0.09,180,1.26,md
1997,7.306,0.006306,0.13,107,0.39,md
1998,5.085,0.06306,0.03,154,-0.31,md
1999,1.6,0.01622,0.04,78,0.05,md
2000,2.57,0.06306,0.04,200,-0.1,md
2001,0.149,0.00991,0.03,144,0.73,md
2002,4.538,0.01892,0.04,104,-0.19,md
2003,-0.216,0.009009,0.03,167,1.04,md
2004,4.815,0.2468,0.3,140,1.61,md
2005,3.762,0.2423,0.12,174,1.18,md
2006,5.452,0.03423,0.13,105,0.29,md
2007,0.227,0.01351,0.04,103,0.72,md
2008,5.156,0.06396,0.02,155,1.02,md
2009,7.132,0.009009,0.09,75,0.27,md
2010,3.45,0.01261,0.04,58,0.49,md
2011,5.335,0.01351,0.05,128,0.65,md
2012,5.519,0.06396,0.02,155,0.36,md
2013,2.205,0.07117,0.04,262,1.3,md
2014,13.391,0.2342,0.09,120,1.26,md
2015,4.812,0.04955,0.03,181,0.19,md
2016,3.073,0.006306,0.14,87,0.87,md
2017,2.76,0.1216,0.04,177,1.2,md
2018,7.01,0.03333,0.04,101,0.95,md
2019,7.162,0.006306,0.13,48,1.68,md
2020,7.667,0.003604,0.14,109,0.78,md
2021,5.629,0.01171,0.05,104,0.4,md
2022,8.512,0.04595,0.04,97,0.68,md
2023,5.183,0.01802,0.03,109,0.8,md
2024,8.556,0.03784,0.07,70,1.15,md
2025,5.169,0.06126,0.04,101,1.19,md
2026,5.103,0.01622,0.04,166,0.79,md
2027,3.272,0.04955,0.07,82,0.73,md
2028,1.052,0.05676,0.08,79,1.02,md
2029,5.931,0.01171,0.03,94,1.91,md
2030,2.03,0.005405,0.05,38,1.12,md
2031,1.54,0.005405,0.04,43,0.33,md
2032,1.211,0.00991,0.03,120,0.28,md
2033,1.217,0.00991,0.04,70,0.55,md
2034,1.64,0.005405,0.06,45,1.11,md
2035,1.71,0.005405,0.05,43,0.31,md
2036,1.657,0.008108,0.05,90,1.01,md
2037,7.237,0.00991,0.14,111,1.59,md
2038,9.376,0.04324,0.15,68,1.2,md
2039,3.313,0.06306,0.06,142,1.17,md
2040,3.901,0.03874,0.06,91,0.22,md
2041,-1.03,0.003604,0.08,83,0.38,md
2042,-0.945,0.004505,0.03,73,0.55,md
2043,-0.99,0.003604,0.04,62,0.24,md
2044,1.001,0.001802,0.04,77,1.98,md
2045,0.08,0.007207,0.06,70,0.44,md
2046,0.88,0.006306,0.04,41,0.09,md
2047,0.091,0.007207,0.03,111,0.74,md
2048,3.589,0.06306,0.02,127,1.07,md
2049,6.455,0.2541,0.27,144,1.33,md
2050,3.965,0.2468,0.27,138,0.15,md
2051,4.629,0.05676,0.02,315,0.55,md
2052,2.579,0.06577,0.03,104,0.65,md
2053,2.555,0.06937,0.04,105,0.6,md
2054,1.151,0.06306,0.05,154,1.16,md
2055,6.729,0.04505,0.06,95,1.76,md
2056,6.499,0.04054,0.05,92,1.18,md
2057,1.811,0.05315,0.08,77,1.67,md
2058,2.283,0.03063,0.09,70,0.97,md
2059,7.484,0.05856,0.06,179,0.36,md
2060,2.845,0.07207,0.02,159,0.93,md
2061,2.853,0.00991,0.07,83,0.72,md
2062,6.189,0.05946,0.02,102,1.47,md
2063,3.703,0.007207,0.08,39,0.66,md
2064,7.211,0.06036,0.06,73,1.05,md
2065,7.527,0.003604,0.15,108,1.96,md
2066,5.497,0.05946,0.06,52,0.26,md
2067,3.937,0.04685,0.03,282,-0.1,md
2068,4.707,0.03063,0.03,150,0.19,md
2069,4.039,0.02162,0.01,130,0.87,md
2070,6.071,0.07117,0.06,256,1.84,md
2071,24.221,0.1703,0.08,105,0.81,md
2072,2.642,0.1036,0.04,151,0.62,md
2073,2.399,0.06126,0.07,138,1.12,md
2074,7.407,0.005405,0.09,110,0.18,md
2075,4.327,0.05495,0.11,242,1.65,md
2076,7.14,0.04324,0.05,133,0.36,md
2077,7.259,0.03153,0.02,92,0.64,md
2078,7.457,0.004505,0.08,109,1.32,md
2079,7.262,0.00991,0.12,87,0.45,md
2080,5.252,0.09189,0.02,166,0.07,md
2081,3.039,0.05225,0.03,145,0.45,md
2082,7.457,0.05586,0.02,150,0.89,md
2083,7.682,0.006306,0.14,104,1.04,md
2084,6.912,0.004505,0.16,108,1.07,md
2085,7.552,0.005405,0.14,143,0.39,md
2086,2.469,0.1144,0.18,167,2.24,md
2087,8.262,0.005405,0.15,55,0.7,md
2088,7.382,0.009009,0.07,109,1.15,md
2089,7.332,0.006306,0.13,109,0.68,md
2090,6.972,0.009009,0.06,106,0.39,md
2091,4.575,0.05495,0.05,145,2.44,md
2092,7.932,0.006306,0.12,54,1.72,md
2093,7.052,0.006306,0.09,146,3.03,ml
2094,7.622,0.007207,0.14,130,2.19,md
2095,10.326,0.04414,0.12,41,1.71,md
2096,8.71,0.06126,0.07,58,0.45,md
2097,0.583,0.04505,0.06,280,0.45,md
2098,13.979,0.01351,0.11,233,0.41,md
2099,3.243,0.02523,0.09,228,0.39,md
2100,1.925,0.08108,0.02,253,-0.33,md
2101,1.022,0.005405,0.07,113,-0.13,md
2102,0.771,0.02072,0.02,276,0.03,md
2103,-0.526,0.008108,0.05,126,0.95,md
2104,2.585,0.005405,0.04,123,0.12,md
2105,-0.555,0.009009,0.02,146,0.28,md
2106,2.045,0.006306,0.05,69,0.38,md
2107,1.3,0.004505,0.07,67,1.1,md
2108,1.89,0.005405,0.02,69,1.4,md
2109,8.068,0.07838,0.09,52,-0.03,md
2110,1.671,0.003604,0.08,64,0.39,md
2111,1.841,0.0009009,0.08,62,-0.11,md
2112,0.921,0.002703,0.07,65,0.98,md
2113,1.65,0.002703,0.07,61,-0.18,md
2114,1.461,0.003604,0.07,78,0.98,md
2115,11.423,0.03604,0.05,70,1.1,md
2116,7.312,0.1495,0.05,130,0.71,md
2117,4.213,0.136,0.07,182,1.17,md
2118,4.582,0.1928,0.08,211,0.65,md
2119,6.059,0.145,0.08,219,0.89,md
2120,-0.405,0.1991,0.05,155,1.94,md
2121,2.16,0.01441,0.07,95,0.5,md
2122,13.044,0.01802,0.14,104,0.81,md
2123,5.983,0.04685,0.05,127,1.75,md
2124,2.22,0.01622,0.07,96,1.14,md
2125,3.887,0.05586,0.04,98,1.22,md
2126,8.906,0.07568,0.07,54,0.19,md
2127,6.144,0.03243,0.02,137,0.52,md
2128,-0.65,0.01171,0.04,83,0.83,md
2129,6.99,0.03243,0.07,118,0.88,md
2130,6.2,0.03063,0.05,167,1.3,md
2131,9.206,0.04234,0.16,67,0.38,md
2132,2.312,0.1063,0.1,162,1.2,md
2133,10.05,0.01261,0.05,64,1.49,ml
2134,-1.424,0.1521,0.17,167,0.56,md
2135,2.563,0.1126,0.04,168,0.27,md
2136,-0.878,0.07568,0.22,329,1.4,md
2137,4.082,0.1937,0.1,210,0.46,md
2138,15.939,0.00991,0.1,156,0.54,md
2139,3.024,0.1171,0.04,170,0.21,md
2140,2.467,0.07207,0.01,154,1.68,ml
2141,21.83,0.2689,0.13,108,1.48,md
2142,6.922,0.02793,0.12,82,1.72,md
2143,8.253,0.06757,0.07,171,0.28,md
2144,0.173,0.01081,0.03,79,0.64,md
2145,4.644,0.06306,0.03,146,0.83,md
2146,10.062,0.04414,0.02,76,0.88,md
2147,8.022,0.04595,0.06,73,2.6,md
2148,9.526,0.04595,0.13,26,0.41,md
2149,11.505,0.01622,0.12,111,-0.42,md
2150,-1.161,0.006306,0.06,185,0.96,md
2151,8.336,0.03964,0.08,65,1.29,md
2152,2.581,0.09099,0.04,119,1.1,md
2153,8.566,0.04685,0.11,71,1.03,md
2154,9.206,0.04505,0.09,60,1.37,md
2155,9.026,0.04685,0.14,60,0.7,md
2156,8.516,0.04595,0.1,69,1.65,md
2157,9.116,0.04595,0.14,63,1.66,md
2158,9.376,0.04595,0.11,65,1.72,md
2159,9.626,0.04595,0.13,64,0.95,md
2160,7.806,0.04685,0.13,66,1.05,md
2161,7.816,0.04595,0.14,61,1.08,md
2162,8.656,0.04775,0.15,58,1.04,md
2163,8.676,0.04685,0.12,59,1.16,md
2164,8.256,0.04865,0.11,59,2.92,ml
2165,10.626,0.04234,0.19,43,0.93,md
2166,7.866,0.04865,0.11,63,0.73,md
2167,8.986,0.04505,0.1,70,0.77,md
2168,9.596,0.04775,0.13,71,0.81,md
2169,9.006,0.04775,0.1,69,0.31,md
2170,8.688,0.03514,0.07,108,1.2,md
2171,9.196,0.04505,0.15,62,1.26,md
2172,7.686,0.04505,0.16,74,1.71,md
2173,10.056,0.04505,0.15,66,1.54,md
2174,8.946,0.04595,0.12,62,2.95,ml
2175,10.276,0.04505,0.18,30,0.51,md
2176,1.778,0.1135,0.03,170,0.42,md
2177,13.602,0.02523,0.05,261,0.5,md
2178,2.373,0.1342,0.1,180,0.77,md
2179,9.416,0.04324,0.09,74,1.03,md
2180,8.536,0.04685,0.18,63,2.0,md
2181,9.546,0.04414,0.14,53,0.65,md
2182,0.44,0.05495,0.09,75,0.82,md
2183,0.396,0.05676,0.14,68,0.4,md
2184,2.252,0.109,0.08,165,0.33,md
2185,0.279,0.09099,0.02,291,0.99,md
2186,8.66,0.06306,0.07,60,0.18,md
2187,2.369,0.03423,0.03,206,0.69,md
2188,0.863,0.05856,0.06,137,0.82,md
2189,6.555,0.2234,0.14,137,0.46,md
2190,2.763,0.05946,0.05,286,-0.12,md
2191,5.367,0.05676,0.01,293,0.13,md
2192,5.849,0.05405,0.01,291,0.62,md
2193,3.942,0.1225,0.03,168,0.48,md
2194,3.088,0.1234,0.03,169,0.9,md
2195,5.35,0.2261,0.16,138,1.94,md
2196,6.981,0.1216,0.05,62,0.01,md
2197,1.879,0.00991,0.05,88,0.1,md
2198,3.876,0.03604,0.05,203,0.79,md
2199,1.162,0.008108,0.05,120,0.94,md
2200,2.103,0.09369,0.07,151,1.62,md
2201,6.334,0.3288,0.06,159,1.61,md
2202,26.661,0.2108,0.04,115,0.39,md
2203,1.914,0.03694,0.09,141,1.21,md
2204,8.33,0.07658,0.08,46,1.21,md
2205,7.793,0.06486,0.04,102,0.77,md
2206,7.059,0.0955,0.05,104,0.37,md
2207,6.192,0.05586,0.05,241,0.81,md
2208,5.731,0.01532,0.05,65,0.49,md
2209,0.074,0.1207,0.16,333,0.65,md
2210,4.532,0.06577,0.04,99,0.61,md
2211,9.925,0.09099,0.02,172,0.62,md
2212,4.115,0.1072,0.03,149,0.79,md
2213,3.577,0.0973,0.03,118,1.34,md
2214,6.022,0.1216,0.06,128,0.82,md
2215,9.856,0.04234,0.14,78,1.38,md
2216,9.656,0.04775,0.13,62,0.14,md
2217,5.519,0.03604,0.05,144,0.53,md
2218,6.239,0.08108,0.02,157,0.89,md
2219,3.06,0.109,0.03,143,0.39,md
2220,12.502,0.003604,0.06,140,0.37,md
2221,2.639,0.0964,0.03,173,0.68,md
2222,2.738,0.1351,0.04,127,1.71,md
2223,9.887,0.1126,0.13,151,1.71,md
2224,23.654,0.264,0.07,202,0.9,md
2225,5.963,0.0964,0.05,111,0.62,md
2226,6.092,0.03514,0.06,94,0.62,md
2227,6.639,0.1045,0.03,126,0.6,md
2228,2.427,0.1414,0.05,185,0.24,md
2229,7.289,0.03243,0.02,140,0.17,md
2230,2.372,0.03153,0.04,206,0.27,md
2231,7.599,0.02973,0.02,139,0.24,md
2232,1.656,0.006306,0.03,67,0.55,md
2233,1.005,0.00991,0.04,138,0.24,md
2234,5.437,0.06577,0.02,181,1.71,md
2235,8.232,0.04595,0.07,80,0.3,md
2236,2.092,0.03514,0.05,167,0.32,md
2237,10.605,0.02793,0.07,111,0.48,md
2238,2.559,0.08288,0.03,165,0.41,md
2239,6.797,0.05586,0.02,149,0.37,md
2240,6.645,0.05946,0.02,152,-0.03,md
2241,1.713,0.007207,0.03,187,0.24,md
2242,6.787,0.05766,0.01,251,-0.29,md
2243,0.674,0.02613,0.02,160,1.1,md
2244,2.942,0.03153,0.07,108,0.18,md
2245,2.151,0.03243,0.03,206,0.51,md
2246,2.112,0.03784,0.04,169,0.04,md
2247,1.312,0.03784,0.06,241,0.9,md
2248,11.032,0.1874,0.02,331,1.27,md
2249,11.602,0.191,0.05,312,1.35,md
2250,10.033,0.2216,0.06,255,0.59,md
2251,6.395,0.1117,0.02,182,2.27,md
2252,3.506,0.1324,0.05,63,0.89,md
2253,8.432,0.03604,0.05,131,2.29,md
2254,8.272,0.03514,0.08,61,0.07,md
2255,3.217,0.05135,0.03,289,0.66,md
2256,8.546,0.05586,0.09,61,0.56,md
2257,-2.884,0.007207,0.05,80,0.34,md
2258,12.986,0.01892,0.07,83,0.37,md
2259,12.393,0.00991,0.13,246,0.81,md
2260,16.808,0.08919,0.05,307,0.1,md
2261,10.613,0.007207,0.1,135,0.12,md
2262,1.729,0.01171,0.05,257,0.37,md
2263,-0.738,0.03333,0.06,132,0.66,md
2264,3.744,0.05586,0.11,147,0.57,md
2265,4.302,0.07027,0.04,149,0.4,md
2266,3.689,0.06937,0.02,149,1.32,md
2267,12.592,0.2162,0.06,143,0.69,md
2268,3.912,0.07117,0.03,108,1.13,md
2269,7.849,0.2234,0.14,137,1.14,md
2270,5.649,0.2189,0.14,137,1.15,md
2271,6.979,0.2054,0.08,183,1.26,md
