,Depth,Distance to Epicenter,Root Mean Square,Azimuthal Gap,Magnitude,Waveform
0,2.982,0.0982,0.04,68,1.48,md
1,4.492,0.09369,0.04,47,1.5,md
2,7.102,0.09369,0.11,50,1.41,md
3,7.364,0.09459,0.19,121,0.86,md
4,4.862,0.0955,0.07,45,1.53,md
5,2.212,0.0973,0.07,45,1.44,md
6,4.454,0.09369,0.04,63,1.53,md
7,13.19,0.04414,0.15,44,2.19,md
8,9.215,0.2252,0.05,63,1.84,md
9,6.646,0.0973,0.07,40,2.25,md
10,4.743,0.1775,0.06,119,1.52,md
11,9.107,0.1243,0.08,86,1.44,md
12,26.777,0.2829,0.18,54,2.14,md
13,10.43,0.01622,0.06,72,1.56,md
14,7.133,0.1495,0.05,43,1.63,md
15,7.463,0.1486,0.05,63,1.72,md
16,7.683,0.1495,0.07,38,2.31,md
17,12.447,0.09009,0.09,120,1.64,md
18,6.085,0.08018,0.08,37,1.97,md
19,5.815,0.08198,0.07,31,2.04,md
20,8.251,0.01171,0.06,64,1.56,md
21,-1.159,0.173,0.17,91,1.46,md
22,6.665,0.07928,0.07,30,2.16,md
23,5.654,0.1919,0.09,36,1.59,md
24,9.907,0.1099,0.06,58,2.11,md
25,7.974,0.1468,0.09,37,2.55,md
