,Depth,Distance to Epicenter,Root Mean Square,Azimuthal Gap,Magnitude,Waveform
0,28.224,0.05676,0.1,93,2.05,md
1,25.216,0.1802,0.11,129,1.82,md
2,33.809,0.06396,0.08,56,2.51,md
3,21.475,0.2514,0.2,258,2.56,md
4,10.147,0.1252,0.1,143,1.59,md
5,20.614,0.3568,0.16,282,2.26,md
6,23.973,0.06757,0.11,156,1.4,md
7,28.018,0.145,0.06,75,1.78,md
8,30.124,0.04865,0.13,217,3.08,ml
9,20.589,0.09459,0.14,78,1.85,md
10,16.454,0.3495,0.22,265,2.58,md
11,29.056,0.164,0.06,122,1.87,md
12,20.154,0.08198,0.04,178,1.56,md
13,8.217,0.2189,0.21,200,1.74,md
14,6.797,0.2171,0.11,200,1.66,md
15,26.078,0.0964,0.06,40,1.97,md
16,21.851,0.1523,0.07,55,1.85,md
17,26.012,0.08198,0.09,66,1.85,md
18,13.184,0.1667,0.1,253,2.4,md
19,13.627,0.1748,0.09,235,3.56,mw
20,17.25,0.1649,0.11,114,1.83,md
21,23.404,0.2063,0.18,40,1.79,md
22,20.294,0.0982,0.1,120,1.72,md
23,37.991,0.109,0.22,50,2.2,md
24,20.241,0.1351,0.09,98,1.92,md
25,7.948,0.02342,0.13,84,2.19,md
26,21.476,0.1396,0.1,118,1.82,md
27,25.018,0.004505,0.04,79,1.47,md
28,32.675,0.08559,0.11,61,2.54,md
29,5.298,0.03604,0.15,77,1.77,md
30,5.988,0.02793,0.17,42,1.8,md
31,18.834,0.1117,0.08,138,1.83,md
32,27.274,0.07477,0.06,95,2.65,md
33,13.027,0.006306,0.1,70,2.09,md
34,19.003,0.1766,0.11,160,2.07,md
35,21.691,0.09279,0.1,82,2.07,md
36,19.934,0.1261,0.11,231,2.75,md
37,16.229,0.04865,0.06,242,1.22,md
38,8.798,0.01441,0.1,101,1.6,md
39,22.588,0.09279,0.08,109,1.3,md
40,19.111,0.1811,0.11,233,2.77,md
41,22.839,0.04595,0.08,86,1.52,md
42,7.171,0.1441,0.14,264,1.72,md
43,21.581,0.09369,0.09,82,2.07,md
44,16.691,0.1568,0.18,271,1.63,md
45,20.632,0.1009,0.09,123,1.92,md
46,20.509,0.1162,0.08,271,2.39,md
47,23.833,0.2396,0.19,42,2.13,md
48,17.541,0.3351,0.2,251,2.05,md
49,19.401,0.2144,0.21,235,2.63,md
50,20.291,0.2703,0.15,277,2.3,md
51,20.031,0.1324,0.09,249,4.02,mw
52,29.404,0.1162,0.09,32,2.12,md
53,10.354,0.01892,0.01,144,1.05,md
