,Depth,Distance to Epicenter,Root Mean Square,Azimuthal Gap,Magnitude,Waveform
0,3.034,0.1122,0.07,166,0.81,ml
1,9.629,0.0244,0.23,76,1.5,ml
2,6.393,0.03365,0.16,141,0.66,ml
3,4.092,0.2075,0.18,95,1.19,ml
4,13.697,0.0691,0.16,210,0.69,ml
5,9.077,0.08457,0.09,115,1.13,ml
6,3.498,0.009416,0.12,126,1.68,ml
7,8.438,0.1275,0.11,177,0.97,ml
8,5.746,0.01396,0.14,112,0.77,ml
9,12.928,0.05271,0.18,26,2.14,ml
10,13.018,0.05405,0.18,37,2.38,ml
11,4.652,0.167,0.18,36,1.98,ml
12,1.915,0.09334,0.12,226,1.39,ml
13,10.871,0.04235,0.14,79,1.43,ml
14,6.093,0.1686,0.1,150,0.4,ml
15,4.179,0.03451,0.15,93,1.22,ml
16,12.804,0.06526,0.16,87,1.36,ml
17,14.104,0.06804,0.21,92,1.09,ml
18,15.204,0.07466,0.15,107,0.83,ml
19,13.504,0.07658,0.19,108,1.14,ml
20,6.569,0.02651,0.14,102,1.1,ml
21,5.747,0.01357,0.16,85,0.97,ml
22,2.079,0.06123,0.07,117,1.07,ml
23,3.869,0.05895,0.15,89,1.58,ml
24,6.603,0.01633,0.19,167,0.48,ml
25,12.758,0.04246,0.13,124,0.75,ml
26,7.618,0.02737,0.14,44,1.57,ml
27,6.294,0.02241,0.19,86,1.15,ml
28,9.872,0.06043,0.18,91,1.45,ml
29,9.811,0.1009,0.11,132,1.07,ml
30,3.533,0.06725,0.17,60,2.18,ml
31,8.773,0.1234,0.15,124,0.91,ml
32,5.394,0.1534,0.19,191,1.81,ml
33,9.908,0.119,0.19,193,1.74,ml
34,4.192,0.06061,0.1,147,0.65,ml
35,5.253,0.1725,0.19,65,1.08,ml
36,4.76,0.05729,0.12,79,1.36,ml
37,5.644,0.1038,0.18,223,1.52,ml
38,6.606,0.03107,0.08,262,0.81,ml
39,9.931,0.09872,0.07,217,0.87,ml
40,8.11,0.04377,0.15,77,1.36,ml
41,9.35,0.07133,0.1,220,0.82,ml
42,3.626,0.02807,0.11,73,2.0,ml
43,5.98,0.2794,0.23,239,2.65,ml
44,7.448,0.01537,0.11,103,0.65,ml
45,12.206,0.1065,0.12,166,0.64,ml
46,11.381,0.08136,0.31,143,1.7,ml
47,10.844,0.1149,0.23,105,1.9,ml
48,14.043,0.02619,0.17,173,0.79,ml
49,8.862,0.2097,0.16,85,1.19,ml
50,8.324,0.0255,0.25,59,1.37,ml
51,8.548,0.01451,0.16,108,1.19,ml
52,11.981,0.1242,0.13,168,0.59,ml
53,6.766,0.02433,0.13,135,1.23,ml
54,11.673,0.1703,0.12,223,0.72,ml
55,8.91,0.0152,0.22,208,1.89,ml
56,4.089,0.06536,0.17,91,1.16,ml
57,9.631,0.02714,0.13,203,1.62,ml
58,4.162,0.2086,0.16,96,1.22,ml
59,11.008,0.01748,0.25,148,1.52,ml
60,9.07,0.01207,0.13,205,1.18,ml
61,10.227,0.01604,0.25,145,1.8,ml
62,6.496,0.02993,0.1,260,0.67,ml
63,8.638,0.1144,0.13,178,0.65,ml
64,8.074,0.01653,0.21,85,1.38,ml
65,4.362,0.206,0.12,95,1.04,ml
66,4.352,0.2076,0.14,95,1.02,ml
67,4.422,0.2094,0.15,95,1.15,ml
68,5.864,0.0173,0.2,85,1.16,ml
69,10.006,0.001878,0.12,134,0.48,ml
70,7.288,0.03589,0.11,49,2.35,ml
71,7.128,0.09563,0.13,68,1.05,ml
72,6.94,0.03432,0.1,49,2.28,ml
73,11.917,0.04265,0.16,187,0.61,ml
74,11.74,0.03414,0.18,27,2.1,ml
75,7.469,0.119,0.26,49,2.52,ml
76,11.371,0.0721,0.2,180,0.62,ml
77,6.979,0.01917,0.23,58,1.17,ml
78,10.377,0.04377,0.14,173,1.08,ml
79,7.029,0.00978,0.15,84,1.02,ml
80,5.804,0.01357,0.24,85,1.35,ml
81,11.587,0.04288,0.16,173,0.82,ml
82,12.033,0.1368,0.2,92,1.37,ml
83,8.499,0.01465,0.28,169,0.58,ml
84,13.287,0.08277,0.17,206,0.51,ml
85,9.688,0.1733,0.18,211,0.78,ml
86,4.26,0.2089,0.18,111,0.82,ml
87,5.704,0.008635,0.14,94,1.11,ml
88,4.192,0.21,0.17,83,1.16,ml
89,9.379,0.1213,0.22,79,1.18,ml
90,5.884,0.01342,0.24,85,1.08,ml
91,14.188,0.08272,0.25,142,1.68,ml
92,13.712,0.1085,0.19,140,1.49,ml
93,10.059,0.03944,0.25,71,2.54,ml
94,10.973,0.2522,0.11,326,1.21,ml
95,8.885,0.01023,0.16,90,0.65,ml
96,4.315,0.2142,0.22,227,2.55,ml
97,10.498,0.1124,0.17,58,1.63,ml
98,13.263,0.03453,0.16,187,0.65,ml
99,12.328,0.08517,0.23,182,1.58,ml
100,7.079,0.01574,0.13,85,1.26,ml
101,9.474,0.008448,0.16,85,1.09,ml
102,8.571,0.1153,0.16,105,0.7,ml
103,4.109,0.05249,0.17,79,1.4,ml
104,1.778,0.05491,0.18,117,1.37,ml
105,3.64,0.1209,0.06,178,1.4,ml
106,6.509,0.02498,0.2,71,1.74,ml
107,2.592,0.03637,0.2,85,1.2,ml
108,7.758,0.04219,0.18,63,1.18,ml
109,11.637,0.09922,0.13,96,0.31,ml
110,10.239,0.09074,0.19,64,1.1,ml
111,4.119,0.06859,0.21,51,1.91,ml
112,9.319,0.0244,0.2,71,1.41,ml
113,5.466,0.02833,0.12,66,1.26,ml
114,8.435,0.08249,0.14,195,2.07,ml
115,8.652,0.08787,0.14,223,1.96,ml
116,9.655,0.1247,0.13,241,2.38,ml
117,9.973,0.02825,0.12,101,1.44,ml
118,7.666,0.08695,0.22,111,1.47,ml
119,8.868,0.1188,0.16,27,1.98,ml
120,8.984,0.1157,0.18,34,1.63,ml
121,9.871,0.07108,0.15,80,1.76,ml
122,12.892,0.06529,0.3,81,1.65,ml
123,6.612,0.1651,0.22,42,1.2,ml
124,4.26,0.1182,0.07,176,0.66,ml
125,10.929,0.2185,0.32,162,3.65,ml
126,12.393,0.01826,0.18,102,1.01,ml
127,8.073,0.1625,0.18,73,1.3,ml
128,5.217,0.04524,0.28,78,1.74,ml
129,3.987,0.04383,0.2,107,1.62,ml
130,3.357,0.0457,0.15,76,1.93,ml
131,11.98,0.03845,0.17,99,0.93,ml
132,5.648,0.1105,0.23,54,1.07,ml
133,6.409,0.0676,0.18,61,1.4,ml
134,7.572,0.008882,0.19,190,1.76,ml
135,8.6,0.04369,0.16,166,0.46,ml
136,5.547,0.0663,0.1,173,0.6,ml
137,13.372,0.0577,0.12,132,0.69,ml
138,9.434,0.156,0.21,43,1.25,ml
139,4.898,0.09996,0.14,197,1.77,ml
140,18.394,0.2675,0.13,238,3.04,ml
141,9.844,0.1478,0.21,43,1.4,ml
142,6.477,0.1438,0.17,130,0.83,ml
143,11.527,0.09814,0.21,102,1.13,ml
144,1.057,0.03302,0.1,95,1.36,ml
145,9.508,0.1338,0.18,73,1.5,ml
146,12.934,0.1877,0.22,87,3.24,ml
147,8.734,0.132,0.13,48,1.08,ml
148,5.866,0.01882,0.13,128,0.51,ml
149,6.61,0.1427,0.2,127,0.91,ml
150,11.881,0.1267,0.16,38,1.56,ml
151,11.751,0.124,0.16,50,1.21,ml
152,11.881,0.125,0.16,117,1.2,ml
153,9.636,0.09429,0.09,227,0.84,ml
154,11.086,0.03196,0.17,156,1.01,ml
155,18.474,0.233,0.18,90,2.79,ml
156,9.384,0.1503,0.17,64,1.37,ml
157,7.309,0.1141,0.23,86,1.16,ml
158,11.54,0.0522,0.17,130,1.19,ml
159,4.367,0.1425,0.18,127,1.05,ml
160,5.823,0.01709,0.19,91,1.44,ml
161,10.56,0.04321,0.2,285,1.34,ml
162,12.363,0.03266,0.12,163,1.17,ml
163,9.894,0.1045,0.21,57,1.78,ml
164,12.176,0.04385,0.17,155,1.02,ml
165,9.442,0.1025,0.31,152,2.01,ml
166,1.227,0.09428,0.16,72,1.75,ml
167,3.799,0.09063,0.22,73,1.4,ml
168,9.629,0.1055,0.12,74,1.49,ml
169,10.583,0.03073,0.17,96,1.06,ml
170,9.301,0.1417,0.19,93,1.4,ml
171,10.968,0.1149,0.18,109,1.12,ml
172,9.802,0.1767,0.19,275,1.85,ml
173,4.9,0.15,0.19,116,0.92,ml
174,8.58,0.1383,0.2,112,1.33,ml
175,9.403,0.1302,0.15,122,0.98,ml
176,8.79,0.04452,0.23,67,1.31,ml
177,7.336,0.0182,0.17,193,1.3,ml
178,8.986,0.02684,0.17,189,1.74,ml
179,7.249,0.1168,0.17,78,1.02,ml
180,13.398,0.05361,0.16,123,1.11,ml
181,3.648,0.03179,0.14,88,1.65,ml
182,11.493,0.02084,0.24,69,1.77,ml
183,11.459,0.02268,0.21,69,2.03,ml
184,4.093,0.03188,0.15,89,1.23,ml
185,7.723,0.01553,0.2,112,1.28,ml
186,9.13,0.1492,0.14,272,2.34,ml
187,5.354,0.08644,0.17,50,1.32,ml
188,9.998,0.01077,0.14,31,1.74,ml
189,6.701,0.03025,0.21,115,1.14,ml
190,12.813,0.07416,0.19,65,1.11,ml
191,4.652,0.03308,0.12,152,1.08,ml
192,13.018,0.03125,0.15,86,1.92,ml
193,12.918,0.02869,0.15,60,1.76,ml
194,3.684,0.08213,0.17,194,1.18,ml
195,7.099,0.02156,0.21,59,1.89,ml
196,12.508,0.1005,0.11,119,1.05,ml
197,13.108,0.1026,0.13,119,0.49,ml
198,9.636,0.1046,0.24,131,0.92,ml
199,6.383,0.02163,0.21,87,1.23,ml
200,9.719,0.1062,0.14,233,0.63,ml
201,13.124,0.1162,0.19,58,1.18,ml
202,7.636,0.005004,0.17,131,1.64,ml
203,10.558,0.01561,0.14,83,1.11,ml
204,7.595,0.1194,0.21,137,1.62,ml
205,8.454,0.1095,0.24,103,2.27,ml
206,6.929,0.02002,0.2,70,1.26,ml
207,4.401,0.1215,0.17,71,1.43,ml
208,3.976,0.07918,0.19,112,1.99,ml
209,5.342,0.1239,0.15,89,0.99,ml
210,8.689,0.02918,0.24,49,2.26,ml
211,14.505,0.1013,0.16,120,0.72,ml
212,14.325,0.09703,0.15,61,1.62,ml
213,7.291,0.08998,0.19,136,1.31,ml
214,9.989,0.1268,0.12,81,1.77,ml
215,10.429,0.1272,0.17,81,2.02,ml
216,18.109,0.233,0.12,105,2.08,ml
217,3.989,0.1177,0.22,83,1.67,ml
218,5.749,0.09063,0.19,91,1.19,ml
219,7.345,0.09365,0.22,88,1.49,ml
220,12.883,0.1798,0.17,242,0.66,ml
221,0.572,0.09297,0.09,151,1.17,ml
222,8.333,0.07797,0.19,133,1.37,ml
223,8.132,0.07977,0.24,73,1.13,ml
224,3.077,0.08532,0.14,68,1.39,ml
225,4.167,0.08337,0.16,63,1.68,ml
226,3.864,0.08024,0.18,74,1.26,ml
227,4.211,0.08039,0.16,167,1.09,ml
228,1.763,0.08844,0.15,56,1.92,ml
229,2.882,0.08064,0.13,71,1.1,ml
230,1.341,0.09712,0.13,79,2.26,ml
231,2.646,0.08821,0.2,78,1.61,ml
232,1.727,0.08565,0.13,56,2.04,ml
233,9.204,0.04134,0.21,85,1.64,ml
234,6.501,0.07844,0.19,57,1.56,ml
235,11.74,0.09705,0.18,171,1.19,ml
236,14.447,0.1167,0.15,160,0.43,ml
237,10.538,0.09762,0.13,201,0.76,ml
238,7.314,0.08869,0.2,51,1.14,ml
239,4.207,0.1483,0.16,94,1.07,ml
240,10.355,0.1312,0.21,119,0.96,ml
241,0.068,0.03533,0.19,90,1.45,ml
242,18.852,0.158,0.21,260,1.08,ml
243,9.612,0.1775,0.21,224,2.19,ml
244,12.018,0.1115,0.23,134,1.81,ml
245,8.518,0.01188,0.17,109,0.64,ml
246,12.08,0.03349,0.17,173,0.85,ml
247,6.841,0.09288,0.16,59,2.49,ml
248,6.944,0.08651,0.19,48,1.49,ml
249,12.249,0.08674,0.16,91,1.24,ml
250,7.163,0.03322,0.23,49,1.9,ml
251,10.99,0.09041,0.17,142,0.9,ml
252,12.128,0.03867,0.16,150,0.58,ml
253,7.718,0.03345,0.16,159,0.92,ml
254,7.632,0.01799,0.12,137,1.88,ml
255,10.993,0.1662,0.19,84,1.24,ml
256,7.276,0.2479,0.28,114,1.34,ml
257,8.033,0.032,0.2,123,1.37,ml
258,11.851,0.1008,0.17,202,0.83,ml
259,2.868,0.05682,0.16,176,1.59,ml
260,14.608,0.1539,0.14,117,0.8,ml
261,2.588,0.03634,0.1,105,1.36,ml
262,8.644,0.1109,0.17,166,0.95,ml
263,11.888,0.1377,0.19,30,2.02,ml
264,7.184,0.08905,0.19,56,1.11,ml
265,1.756,0.1234,0.23,193,1.42,ml
266,11.795,0.09841,0.23,135,1.43,ml
267,10.078,0.05567,0.16,123,0.7,ml
268,13.521,0.1221,0.17,79,1.45,ml
269,2.269,0.03105,0.15,61,0.87,ml
270,8.063,0.1693,0.29,219,2.75,ml
271,12.281,0.1611,0.18,56,1.75,ml
272,10.941,0.08887,0.18,145,0.9,ml
273,13.894,0.1186,0.28,214,2.46,ml
274,6.124,0.006391,0.19,156,1.22,ml
275,6.754,0.09121,0.19,48,1.62,ml
276,6.124,0.08887,0.2,47,1.43,ml
277,8.866,0.1647,0.11,165,0.69,ml
278,4.075,0.1224,0.18,94,1.08,ml
279,4.216,0.01584,0.14,85,0.96,ml
280,4.453,0.647,0.07,336,1.12,ml
281,4.474,0.07538,0.19,79,1.22,ml
282,5.783,0.01703,0.15,86,1.34,ml
283,5.308,0.02005,0.14,105,1.03,ml
284,4.814,0.09127,0.22,48,1.4,ml
285,5.808,0.02425,0.16,104,0.98,ml
286,8.299,0.1292,0.17,73,1.27,ml
287,8.079,0.1323,0.21,74,1.68,ml
288,1.751,1.035,0.02,329,2.43,ml
289,7.611,0.02619,0.14,162,0.94,ml
290,13.499,0.0214,0.14,94,0.94,ml
291,13.254,0.1593,0.14,154,0.63,ml
292,7.92,0.1006,0.16,162,2.64,ml
293,11.871,0.1087,0.11,158,0.79,ml
294,6.673,0.02567,0.15,86,1.4,ml
295,6.309,0.02858,0.2,72,2.03,ml
296,9.482,0.0877,0.19,210,1.77,ml
297,11.577,0.03779,0.18,122,1.65,ml
298,8.254,0.08693,0.19,58,2.43,ml
299,11.588,0.1331,0.2,81,1.23,ml
300,11.373,0.09771,0.14,102,0.8,ml
301,7.094,0.08671,0.18,29,2.41,ml
302,8.779,0.01551,0.23,85,1.12,ml
303,0.118,0.03784,0.18,90,2.03,ml
304,1.738,0.04128,0.19,82,2.37,ml
305,0.967,0.03767,0.15,44,2.11,ml
306,15.325,0.09023,0.14,84,1.22,ml
307,15.779,0.1429,0.17,77,1.12,ml
308,12.783,0.01966,0.27,265,1.3,ml
309,6.383,0.3563,0.18,155,1.06,ml
310,1.494,0.005849,0.09,148,1.15,ml
311,9.949,0.177,0.26,227,2.54,ml
312,6.663,0.06118,0.19,294,0.4,mh
313,6.923,0.01717,0.28,160,0.7,mh
314,8.156,0.04877,0.14,200,1.66,ml
315,12.41,0.1419,0.19,68,1.06,ml
316,7.817,0.06082,0.14,138,2.07,ml
317,11.65,0.09673,0.17,85,1.05,ml
318,1.043,0.008427,0.1,78,0.7,mh
319,5.063,0.005216,0.15,96,0.5,mh
320,4.973,0.02099,0.13,145,0.6,mh
321,6.712,0.006949,0.18,87,1.24,ml
322,7.25,0.1281,0.37,195,2.81,ml
323,6.246,0.01466,0.18,78,1.4,ml
324,4.146,0.09676,0.13,204,1.31,ml
325,5.273,0.02998,0.18,292,0.2,mh
326,5.322,0.1765,0.18,61,1.63,ml
327,9.965,0.1167,0.25,206,2.9,mh
328,9.534,0.1008,0.17,121,1.79,ml
329,1.743,0.0282,0.13,301,0.7,mh
330,4.304,0.04136,0.11,317,0.4,mh
331,1.644,0.01297,0.14,267,0.6,mh
332,10.683,0.1176,0.18,37,1.26,ml
333,9.76,0.07828,0.1,80,1.09,ml
334,11.145,0.09753,0.36,26,1.4,ml
335,7.174,0.09072,0.2,82,1.55,ml
336,10.209,0.068,0.2,99,1.21,ml
337,11.389,0.07277,0.2,100,0.9,ml
338,4.229,0.06121,0.18,88,1.4,ml
339,0.143,0.009058,0.12,132,0.4,mh
340,0.113,0.008331,0.09,89,0.41,ml
341,6.173,0.0192,0.21,86,1.39,ml
342,10.089,0.07059,0.19,100,1.23,ml
343,15.452,0.109,0.25,103,1.39,ml
344,5.063,0.006461,0.27,144,0.8,mh
345,2.883,0.01579,0.18,179,0.7,mh
346,1.063,0.009202,0.13,41,1.18,ml
347,0.853,0.01044,0.13,60,1.11,ml
348,0.703,0.008721,0.14,44,1.41,ml
349,8.689,0.06018,0.2,83,1.83,ml
350,9.069,0.05607,0.2,76,2.09,ml
351,6.483,0.02589,0.18,88,1.31,ml
352,10.908,0.104,0.14,119,1.75,ml
353,9.732,0.05095,0.14,94,2.13,ml
354,5.018,0.1178,0.18,65,1.04,ml
355,7.852,0.05041,0.17,80,1.58,ml
356,10.132,0.04924,0.15,106,2.72,ml
357,13.072,0.0257,0.2,89,1.8,ml
358,9.322,0.04638,0.17,91,2.19,ml
359,10.272,0.03705,0.15,97,1.49,ml
360,7.762,0.05128,0.17,77,1.42,ml
361,8.139,0.04832,0.17,70,1.64,ml
362,8.662,0.05308,0.21,98,1.79,ml
363,14.651,0.03842,0.14,203,1.44,ml
364,13.827,0.1597,0.13,156,1.21,ml
365,10.662,0.03558,0.16,100,0.97,ml
366,10.368,0.1264,0.18,88,1.04,ml
367,10.747,0.127,0.16,51,1.09,ml
368,2.839,0.03215,0.03,247,0.6,mh
369,4.864,0.02212,0.14,68,1.66,ml
370,4.039,0.02837,0.08,130,0.6,mh
371,13.148,0.02343,0.18,28,1.59,ml
372,9.547,0.1393,0.16,111,1.14,ml
373,12.456,0.1051,0.16,151,0.61,ml
374,8.507,0.1197,0.19,213,1.97,ml
375,8.369,0.08317,0.18,54,1.19,ml
376,9.182,0.0944,0.16,199,1.99,ml
377,11.53,0.0918,0.17,204,0.68,ml
378,7.34,0.08598,0.18,83,1.15,ml
379,3.153,0.01125,0.15,89,0.5,mh
380,3.914,0.1004,0.21,63,1.32,ml
381,0.073,0.02634,0.21,282,0.2,mh
382,4.523,0.02833,0.17,294,0.5,mh
383,6.443,0.006211,0.37,198,0.4,mh
384,8.106,0.01311,0.3,148,1.85,ml
385,17.326,0.2944,0.26,110,2.73,ml
386,2.739,0.1544,0.12,75,0.91,ml
387,0.383,0.01072,0.06,97,0.3,mh
388,8.027,0.1932,0.14,273,1.88,ml
389,11.594,0.2058,0.12,303,1.98,ml
390,6.369,0.03395,0.13,69,1.22,ml
391,9.433,0.008274,0.05,126,0.39,ml
392,12.588,0.06574,0.18,55,1.36,ml
393,14.343,0.02997,0.17,123,0.82,ml
394,9.132,0.09706,0.18,30,2.4,ml
395,11.576,0.1213,0.13,155,0.58,ml
