,Depth,Distance to Epicenter,Root Mean Square,Azimuthal Gap,Magnitude,Waveform
0,0.052,0.05047,0.12,173,0.8,ml
1,5.599,0.1335,0.13,133,0.69,ml
2,3.026,0.06201,0.16,138,0.07,ml
3,0.215,0.1856,0.11,203,1.14,ml
4,7.336,0.09995,0.11,90,1.29,ml
5,4.138,0.2022,0.29,203,1.51,ml
6,-1.118,0.1321,0.13,122,1.1,ml
7,4.592,0.0926,0.11,97,1.06,ml
8,1.371,0.02241,0.12,161,0.02,ml
9,1.151,0.02572,0.1,169,0.35,ml
10,1.767,0.08194,0.15,120,0.68,ml
11,4.84,0.1762,0.4,53,2.35,ml
12,3.897,0.006735,0.12,261,1.06,ml
13,1.406,0.09164,0.08,112,0.64,ml
14,8.678,0.08973,0.15,144,0.52,ml
15,0.036,0.03043,0.05,192,0.69,ml
16,1.021,0.02863,0.11,165,0.49,ml
17,1.781,0.06346,0.2,103,1.21,ml
18,5.628,0.02151,0.1,80,1.44,ml
19,5.728,0.008071,0.11,141,0.7,ml
20,1.041,0.003018,0.09,113,0.9,ml
21,1.241,0.07958,0.1,86,1.0,ml
22,4.408,0.0235,0.16,82,1.3,ml
23,0.611,0.01089,0.11,157,-0.07,ml
24,0.821,0.009166,0.08,110,0.67,ml
25,0.971,0.004653,0.12,106,0.2,ml
26,2.344,0.006787,0.16,105,0.31,ml
27,0.971,0.01652,0.09,108,0.62,ml
28,8.578,0.006156,0.05,162,0.83,ml
29,-1.354,0.01204,0.18,106,0.51,ml
30,8.178,0.1737,0.21,51,1.44,ml
31,3.842,0.1691,0.12,258,0.78,ml
32,-0.745,0.1479,0.11,158,1.19,ml
33,5.997,0.02391,0.11,183,0.71,ml
34,6.352,0.1609,0.26,67,1.28,ml
35,-0.653,0.02764,0.12,105,2.46,ml
36,6.306,0.01246,0.27,31,1.8,ml
37,13.325,0.1075,0.17,266,0.24,ml
38,7.433,0.2942,0.06,205,0.5,ml
39,5.977,0.3279,0.06,191,1.06,ml
40,0.556,0.1545,0.56,51,2.15,md
41,-1.128,0.01976,0.05,250,0.49,ml
42,2.576,0.173,0.09,264,0.23,ml
43,3.402,0.1614,0.18,255,0.41,ml
44,-0.653,0.1707,0.11,129,1.35,ml
45,3.595,0.3586,0.13,159,1.05,ml
46,17.365,0.0212,0.11,70,2.27,md
47,0.081,0.02029,0.09,96,0.7,ml
48,0.521,0.0891,0.09,119,-0.1,ml
49,2.187,0.06779,0.07,157,0.16,ml
50,15.459,0.0594,0.18,121,1.0,ml
51,6.744,0.1835,0.1,77,1.45,ml
52,-0.715,0.08849,0.15,159,1.15,ml
53,3.759,0.1316,0.08,123,0.95,ml
54,-1.482,0.1331,0.12,122,1.39,ml
55,-1.748,0.16,0.14,131,1.05,ml
56,3.852,0.2119,0.17,261,0.99,ml
57,1.515,0.1719,0.12,114,1.2,ml
58,-0.514,0.07027,0.05,163,1.39,ml
59,4.784,0.009401,0.14,168,1.56,md
60,8.578,0.09096,0.1,65,1.5,ml
61,2.247,0.1671,0.05,158,0.74,ml
62,-0.283,0.0319,0.11,106,1.92,ml
63,8.516,0.04493,0.06,101,1.15,ml
64,6.829,0.01198,0.07,105,1.77,ml
65,0.787,0.01424,0.11,77,0.52,ml
66,1.486,0.1463,0.2,237,0.16,ml
67,-1.132,0.05528,0.11,143,1.34,ml
68,1.897,0.03125,0.04,217,0.71,ml
69,11.834,0.2096,0.08,280,0.59,ml
70,3.707,0.1786,0.12,181,1.15,ml
71,7.353,0.1782,0.07,78,2.19,ml
72,3.57,0.1037,0.06,76,1.67,ml
73,2.709,0.09818,0.1,39,3.68,ml
74,2.015,0.09963,0.13,148,1.39,ml
75,4.201,0.2179,0.1,97,0.41,ml
76,5.888,0.1009,0.05,269,0.78,ml
77,-0.659,0.01081,0.14,95,0.88,ml
78,8.434,0.09969,0.22,245,1.6,md
79,0.131,0.0984,0.15,95,1.2,ml
80,0.141,0.09752,0.12,76,1.74,ml
81,-0.269,0.09867,0.15,75,2.44,ml
82,1.571,0.001575,0.19,94,0.85,ml
83,0.641,0.0991,0.09,63,0.48,ml
84,-0.699,0.1227,0.16,95,2.16,ml
85,6.782,0.2126,0.12,117,1.18,ml
86,5.818,0.01604,0.11,242,0.99,ml
87,1.371,0.0744,0.07,145,0.59,ml
88,8.046,0.105,0.1,109,0.75,ml
89,3.251,0.2149,0.07,129,1.25,ml
90,0.93,0.04314,0.08,52,1.22,ml
91,0.876,0.2943,0.12,101,1.24,ml
92,-1.625,0.2886,0.21,88,2.03,ml
93,3.515,0.04686,0.21,201,1.65,ml
94,1.668,0.06282,0.17,118,1.54,ml
95,3.588,0.1049,0.06,269,0.67,ml
96,2.678,0.02958,0.12,89,1.59,ml
97,2.778,0.2227,0.11,148,0.35,ml
98,5.333,0.02919,0.1,227,1.22,ml
99,6.005,0.1179,0.12,120,0.88,ml
100,9.405,0.04458,0.07,63,1.25,ml
101,3.326,0.06775,0.06,224,1.2,ml
102,3.418,0.2922,0.08,200,0.83,ml
103,11.116,0.06419,0.18,226,0.86,ml
104,2.762,0.219,0.11,78,0.8,ml
105,0.767,0.06215,0.08,67,1.41,ml
106,1.138,0.05362,0.08,220,0.77,ml
107,5.666,0.1046,0.12,47,1.38,ml
108,7.504,0.087,0.13,58,1.43,ml
109,1.087,0.08819,0.1,155,0.83,ml
110,1.217,0.1511,0.08,148,0.83,ml
111,-1.04,0.05047,0.1,44,1.82,ml
112,0.488,0.1825,0.11,118,0.74,ml
113,-0.895,0.2198,0.12,163,1.06,ml
114,4.407,0.09758,0.15,64,1.44,ml
115,8.398,0.09913,0.08,212,0.8,ml
116,-0.975,0.1667,0.1,201,1.27,ml
117,-1.489,0.04016,0.12,256,0.6,ml
118,5.186,0.1914,0.07,260,0.54,ml
119,3.852,0.1813,0.12,263,0.98,ml
120,-0.755,0.1072,0.19,145,1.35,ml
121,12.145,0.03602,0.14,100,1.79,md
122,0.791,0.02821,0.13,168,-0.19,ml
123,0.091,0.01534,0.12,145,0.26,ml
124,1.051,0.08004,0.09,88,0.63,ml
125,12.509,0.06593,0.13,167,0.81,ml
126,1.895,0.1928,0.14,104,0.89,ml
127,10.544,0.1217,0.16,127,1.79,md
128,19.445,0.02793,0.16,105,1.85,ml
129,8.354,0.03179,0.1,133,1.57,md
130,-0.059,0.05098,0.08,150,0.57,ml
131,0.488,0.0331,0.12,62,1.15,ml
132,-0.249,0.1238,0.16,101,1.22,ml
133,6.834,0.2015,0.21,63,1.32,ml
134,4.248,0.05069,0.06,267,0.71,ml
135,9.358,0.01127,0.17,110,0.78,ml
136,1.671,0.1853,0.12,120,-0.1,ml
137,3.837,0.1422,0.11,182,0.36,ml
138,9.397,0.03497,0.14,76,1.39,ml
139,0.978,0.1324,0.06,119,0.71,ml
140,5.902,0.1506,0.12,277,0.87,ml
141,4.268,0.03258,0.19,194,1.08,ml
142,2.048,0.1054,0.11,268,0.76,ml
143,3.218,0.1049,0.09,58,1.86,ml
144,1.823,0.2171,0.08,112,1.63,ml
145,3.097,0.1099,0.16,49,2.84,ml
146,0.763,0.1078,0.12,105,1.77,ml
147,0.733,0.1159,0.11,105,1.73,ml
148,1.303,0.1114,0.42,74,2.14,ml
149,1.903,0.08882,0.1,105,1.9,ml
150,6.031,0.1105,0.16,201,1.11,ml
151,1.013,0.1126,0.1,194,1.24,ml
152,0.823,0.01351,0.12,105,1.95,ml
153,5.106,0.04799,0.07,86,0.65,md
154,1.192,0.0145,0.09,107,1.01,ml
155,0.772,0.05177,0.1,85,0.38,ml
156,1.972,0.0384,0.07,221,0.59,ml
157,-1.18,0.04759,0.09,91,0.81,ml
158,1.512,0.04019,0.09,105,1.58,ml
159,-0.208,0.03695,0.12,92,0.85,ml
160,4.547,0.006269,0.06,192,0.84,ml
161,0.87,0.008333,0.12,65,0.89,ml
162,0.652,0.05,0.11,65,1.24,ml
163,2.377,0.03866,0.05,219,0.8,ml
164,4.372,0.06115,0.13,183,0.96,ml
165,5.737,0.03243,0.29,224,0.6,mh
166,1.486,0.01282,0.08,40,1.51,md
167,9.278,0.04057,0.05,163,1.24,ml
168,0.742,0.1793,0.12,120,0.75,ml
169,3.067,0.038,0.18,304,0.31,ml
170,10.827,0.04456,0.15,69,1.15,ml
171,0.322,0.04355,0.13,101,1.05,ml
172,0.622,0.0968,0.14,131,0.54,ml
173,19.136,0.04138,0.18,59,2.14,ml
174,17.836,0.01077,0.25,63,2.76,ml
175,0.299,0.04733,0.29,86,2.31,ml
176,0.652,0.04808,0.12,132,0.83,ml
177,1.292,0.1802,0.09,64,0.75,ml
178,0.792,0.04938,0.15,170,0.32,ml
179,1.422,0.1717,0.09,98,1.37,ml
180,3.895,0.04576,0.16,83,0.98,ml
181,0.571,0.02896,0.16,73,0.74,ml
182,6.857,0.04932,0.15,75,0.95,ml
183,0.112,0.1741,0.18,144,0.19,ml
184,-0.004,0.1719,0.14,129,-0.2,ml
185,-0.92,0.04324,0.16,113,0.86,ml
186,0.837,0.04204,0.12,82,1.98,ml
187,13.456,0.02508,0.23,94,1.71,ml
188,2.492,0.03083,0.09,161,0.17,ml
189,1.372,0.04044,0.08,132,0.07,ml
190,0.302,0.04344,0.12,80,-0.06,ml
191,0.961,0.04155,0.14,172,-0.11,ml
192,1.452,0.06411,0.11,56,1.14,ml
193,0.637,0.1788,0.11,149,0.17,ml
194,0.208,0.02856,0.12,143,-0.02,ml
195,4.802,0.05559,0.13,238,0.06,ml
196,-1.443,0.01407,0.23,83,1.49,ml
197,0.562,0.1957,0.11,71,-0.06,ml
198,1.317,0.08829,0.14,204,0.12,ml
199,9.717,0.005644,0.05,243,0.93,ml
200,3.922,0.005084,0.17,265,0.5,ml
201,7.109,0.01303,0.07,240,1.49,md
202,0.9,0.04242,0.09,67,-0.01,ml
203,1.262,0.05944,0.1,65,0.97,ml
204,1.052,0.03567,0.12,71,1.09,ml
205,11.768,0.07477,0.27,34,3.59,ml
206,-0.918,0.03345,0.29,97,-0.03,ml
207,4.662,0.03444,0.11,181,0.21,ml
208,1.882,0.03401,0.11,173,0.07,ml
209,6.249,0.2801,0.08,148,1.76,md
210,-0.838,0.02635,0.08,78,0.02,ml
211,0.542,0.02952,0.13,80,0.7,ml
212,0.262,0.02813,0.19,89,-0.03,ml
213,28.27,0.02746,0.18,108,1.67,ml
214,-0.668,0.02965,0.16,75,0.21,ml
215,-1.134,0.0311,0.21,174,0.42,ml
216,0.532,0.02797,0.12,71,-0.04,ml
217,0.48,0.01422,0.09,83,0.22,ml
218,-1.204,0.01309,0.16,130,0.13,ml
219,0.662,0.03386,0.1,55,1.05,ml
220,2.577,0.01563,0.12,246,0.69,ml
221,4.532,0.04928,0.11,78,1.01,ml
222,0.417,0.06034,0.14,99,1.22,ml
223,5.29,0.0586,0.33,77,2.89,ml
224,2.427,0.06839,0.1,250,0.3,ml
225,0.517,0.07916,0.13,63,1.59,ml
226,0.791,0.08695,0.14,72,0.33,ml
227,7.187,0.1092,0.14,56,1.04,ml
228,3.831,0.06868,0.07,224,1.06,ml
229,1.577,0.2345,0.18,134,1.08,ml
230,11.801,0.1686,0.2,102,1.83,ml
231,8.104,0.07134,0.06,184,1.05,ml
232,7.566,0.07559,0.12,65,0.83,ml
233,4.627,0.1675,0.1,143,1.45,ml
234,13.505,0.01356,0.48,76,2.51,ml
235,0.357,0.01313,0.17,82,1.46,ml
236,3.467,0.008415,0.13,145,1.16,ml
237,6.455,0.01569,0.12,83,1.19,ml
238,0.787,0.01168,0.15,85,1.93,ml
239,0.671,0.02593,0.14,121,0.68,ml
240,-0.329,0.009566,0.18,59,1.23,ml
241,-1.319,0.009423,0.18,89,1.3,ml
242,-0.089,0.0654,0.2,54,2.26,ml
243,0.741,0.1821,0.13,42,2.42,ml
244,5.601,0.043,0.2,142,0.48,ml
245,12.805,0.02928,0.51,60,3.13,ml
246,1.011,0.02968,0.13,108,1.01,ml
247,0.381,0.03202,0.15,87,1.1,ml
248,6.196,0.07774,0.13,79,1.65,ml
249,3.915,0.07641,0.18,145,1.18,ml
250,-0.022,0.02824,0.1,163,0.84,ml
251,0.231,0.1749,0.08,166,0.8,ml
252,2.231,0.1681,0.12,178,0.77,ml
253,1.031,0.168,0.12,172,0.85,ml
254,3.258,0.09189,0.07,285,0.26,ml
255,5.392,0.04775,0.12,84,0.87,ml
256,0.921,0.01084,0.09,164,-0.06,ml
257,3.432,0.1757,0.15,261,0.74,ml
258,0.827,0.2115,0.19,81,1.67,ml
259,0.727,0.2123,0.18,81,1.75,ml
260,11.149,0.1675,0.03,229,1.05,md
261,2.112,0.1825,0.11,217,0.61,ml
262,8.578,0.5246,0.09,158,1.02,ml
263,-0.64,0.08392,0.11,82,1.38,ml
264,0.33,0.0524,0.12,68,0.89,ml
265,3.63,0.08569,0.16,46,2.25,ml
266,-0.613,0.0866,0.18,81,1.5,ml
267,8.514,0.1698,0.16,79,1.44,ml
268,4.254,0.1678,0.09,170,1.68,ml
269,6.44,0.08233,0.12,38,1.3,ml
270,2.952,0.06251,0.08,155,0.45,ml
271,5.58,0.0653,0.14,32,2.11,ml
272,5.46,0.04974,0.13,41,1.21,ml
273,-0.643,0.08666,0.17,81,1.34,ml
274,0.057,0.02879,0.18,81,1.42,ml
275,7.522,0.06087,0.43,59,2.91,ml
276,-0.234,0.2938,0.1,71,1.1,ml
277,6.864,0.1666,0.12,39,2.84,ml
278,6.594,0.06847,0.11,44,1.89,ml
279,1.752,0.08468,0.13,90,1.32,ml
280,7.304,0.0927,0.19,59,1.62,ml
281,0.702,0.06051,0.12,76,0.94,ml
282,3.332,0.06531,0.07,223,0.76,ml
283,3.154,0.1941,0.28,282,1.2,ml
284,-1.113,0.01063,0.1,80,1.26,ml
285,10.74,0.06816,0.21,78,2.27,ml
286,4.188,0.05027,0.11,137,0.54,ml
287,1.065,0.01441,0.12,91,0.61,ml
288,5.295,0.03947,0.09,130,0.81,ml
289,6.594,0.05856,0.15,39,3.39,ml
290,3.505,0.009713,0.12,185,1.09,ml
291,8.828,0.02093,0.12,79,1.05,ml
292,6.396,0.01095,0.12,79,1.39,ml
293,4.017,0.02679,0.1,262,0.97,ml
294,10.051,0.08542,0.06,50,1.32,md
295,2.505,0.1027,0.11,248,0.25,ml
296,15.102,0.2231,0.07,147,2.2,md
297,0.432,0.1847,0.12,68,0.01,ml
298,5.416,0.06355,0.06,269,0.23,ml
299,8.848,0.2095,0.1,68,1.03,ml
300,-0.279,0.05874,0.07,154,-0.21,ml
301,5.207,0.02543,0.14,125,1.09,ml
302,2.589,0.01153,0.17,58,0.74,ml
303,2.895,0.01467,0.1,94,1.57,ml
304,-1.383,0.01597,0.21,160,1.26,ml
305,6.766,0.02252,0.09,74,1.58,ml
306,4.205,0.01096,0.12,312,0.32,ml
307,17.125,0.003664,0.19,48,2.01,ml
308,0.992,0.1738,0.06,86,-0.04,ml
309,4.252,0.153,0.12,81,0.6,ml
310,3.812,0.03737,0.11,85,0.77,ml
311,4.442,0.02973,0.07,86,0.95,ml
312,3.918,0.03266,0.06,50,0.88,md
313,0.475,0.0404,0.13,147,-0.15,ml
314,8.626,0.05487,0.19,47,2.02,ml
315,-0.79,0.02868,0.16,127,1.07,ml
316,7.697,0.03213,0.13,139,1.33,ml
317,3.942,0.1721,0.11,224,0.01,ml
318,12.481,0.0286,0.06,74,1.59,md
319,0.562,0.01172,0.1,82,0.06,ml
320,4.512,0.01071,0.08,235,0.28,ml
321,2.978,0.01096,0.07,104,0.81,ml
322,11.179,0.02895,0.12,281,0.44,ml
323,1.272,0.007214,0.05,122,0.27,ml
324,-0.29,0.1824,0.12,80,1.01,ml
325,0.572,0.086,0.14,82,0.8,ml
326,1.66,0.009998,0.17,67,-0.01,ml
327,1.482,0.02268,0.13,69,0.08,ml
328,1.152,0.02756,0.12,70,0.82,ml
329,2.932,0.09525,0.11,162,0.51,ml
330,5.202,0.03021,0.07,145,0.04,ml
331,-1.553,0.04128,0.08,266,0.49,ml
332,1.653,0.06202,0.13,88,0.33,ml
333,4.562,0.03119,0.11,146,-0.03,ml
334,4.417,0.09488,0.12,230,0.29,ml
335,1.262,0.2149,0.12,93,-0.15,ml
336,1.038,0.0133,0.14,93,1.45,ml
337,0.652,0.02594,0.09,82,0.85,ml
338,2.882,0.038,0.08,254,0.78,ml
339,1.512,0.01369,0.1,62,1.36,ml
340,0.176,0.01088,0.13,125,-0.02,ml
341,0.868,0.2107,0.13,132,1.46,ml
342,2.836,0.01504,0.09,110,1.25,ml
343,4.482,0.01882,0.09,87,0.95,ml
344,6.044,0.04084,0.14,90,1.08,ml
345,12.624,0.1609,0.12,58,1.54,ml
346,4.572,0.1648,0.06,145,0.78,ml
347,4.412,0.03067,0.08,143,1.15,ml
348,4.777,0.04408,0.16,110,0.58,ml
349,4.762,0.1639,0.09,126,1.34,ml
350,2.977,0.1694,0.08,200,0.24,ml
351,-0.364,0.02368,0.07,126,0.04,ml
352,-0.183,0.07584,0.08,119,1.35,ml
353,-1.103,0.05048,0.12,252,0.62,ml
354,0.542,0.004175,0.16,85,0.72,ml
355,1.227,0.09486,0.1,99,-0.11,ml
356,-0.783,0.1051,0.11,80,1.38,ml
357,0.387,0.1892,0.12,81,1.48,ml
358,0.972,0.1784,0.08,65,0.03,ml
359,-0.414,0.1837,0.1,86,0.56,ml
360,2.228,0.06669,0.14,76,1.35,ml
361,0.961,0.006441,0.09,111,0.47,ml
362,3.049,0.00633,0.15,111,0.51,ml
363,8.576,0.005611,0.11,91,1.23,ml
364,4.017,0.03223,0.11,264,0.82,ml
365,4.017,0.03647,0.14,261,0.81,ml
366,3.414,0.03058,0.11,56,1.09,ml
367,0.077,0.08201,0.1,55,1.47,ml
368,1.022,0.2603,0.07,67,0.89,ml
369,1.102,0.2645,0.09,66,0.77,ml
370,0.612,0.2858,0.14,56,1.3,ml
371,0.402,0.1786,0.13,75,0.25,ml
372,1.652,0.102,0.18,93,0.4,ml
373,0.563,0.1787,0.14,49,1.51,ml
374,6.31,0.1663,0.15,76,1.21,ml
375,-0.262,0.1846,0.16,136,1.53,ml
376,3.318,0.06895,0.15,145,1.57,ml
377,3.213,0.184,0.19,139,1.67,ml
378,7.098,0.03011,0.12,234,0.83,ml
379,11.014,0.0668,0.11,102,0.96,ml
380,-1.463,0.1864,0.16,83,1.24,ml
381,-0.743,0.03667,0.14,79,1.21,ml
382,5.342,0.04168,0.22,264,0.68,ml
383,2.846,0.09121,0.12,80,0.49,ml
384,-1.183,0.002719,0.12,262,0.45,ml
385,-0.33,0.1865,0.13,76,0.29,ml
386,-0.234,0.03434,0.09,81,0.55,ml
387,4.017,0.1736,0.14,264,0.22,ml
388,4.102,0.05337,0.09,211,0.93,ml
389,4.417,0.02861,0.09,251,0.09,ml
390,3.277,0.03643,0.11,38,1.77,ml
391,1.13,0.139,0.09,64,0.69,ml
392,5.274,0.03722,0.13,104,1.08,ml
393,3.077,0.05419,0.08,157,0.98,ml
394,-1.013,0.09269,0.17,82,1.32,ml
395,3.567,0.05474,0.09,223,0.71,ml
396,0.152,0.06799,0.12,71,1.47,ml
397,3.875,0.008934,0.12,199,0.3,ml
398,7.868,0.01002,0.09,94,0.86,ml
399,1.362,0.1764,0.22,56,1.25,ml
400,1.817,0.1752,0.12,259,0.04,ml
401,0.125,0.1788,0.21,101,1.7,ml
402,2.842,0.03199,0.1,258,0.2,ml
403,3.216,0.01387,0.07,82,0.36,ml
404,0.932,0.1747,0.12,67,0.01,ml
405,1.011,0.04638,0.06,133,-0.02,ml
406,-1.163,0.05017,0.13,258,0.54,ml
407,0.077,0.04072,0.14,82,1.67,ml
408,-0.763,0.03599,0.16,83,1.7,ml
409,3.182,0.2798,0.12,70,0.24,ml
410,8.878,0.03328,0.09,145,0.9,ml
411,3.997,0.1487,0.17,258,0.83,ml
412,3.552,0.02921,0.14,92,1.55,ml
413,1.888,0.01648,0.11,53,1.5,ml
414,2.507,0.1493,0.05,245,0.83,ml
415,-1.248,0.01751,0.11,86,0.74,ml
416,8.322,0.1773,0.17,72,2.3,ml
417,7.66,0.03604,0.16,49,1.63,ml
418,3.262,0.04876,0.07,209,0.91,ml
419,2.596,0.2062,0.15,39,1.69,ml
420,1.016,0.1738,0.09,126,0.75,ml
421,8.655,0.04527,0.11,172,0.99,ml
422,4.104,0.04015,0.15,117,1.41,ml
423,2.442,0.2773,0.06,73,1.13,ml
424,-0.843,0.04069,0.14,83,1.25,ml
425,11.423,0.09203,0.05,70,0.98,md
426,1.767,0.08128,0.11,126,0.39,ml
427,5.332,0.02246,0.17,269,0.83,ml
428,0.027,0.1637,0.14,82,2.27,ml
429,3.887,0.2825,0.1,88,1.12,ml
430,0.386,0.1088,0.14,95,1.46,ml
431,8.169,0.01261,0.14,49,1.89,ml
432,8.82,0.169,0.12,72,0.96,ml
433,6.878,0.1521,0.13,66,1.14,ml
434,7.377,0.1116,0.12,277,0.43,ml
435,4.965,0.009836,0.17,179,0.04,ml
436,-0.413,0.08427,0.12,82,1.22,ml
437,2.783,0.05357,0.21,136,1.39,ml
438,11.472,0.02894,0.08,163,0.53,ml
439,10.05,0.0321,0.05,64,1.2,md
440,1.794,0.08976,0.14,54,1.71,ml
441,-1.424,0.01211,0.17,167,1.49,ml
442,5.478,0.2689,0.17,48,1.88,ml
443,9.208,0.08215,0.13,95,0.82,ml
444,0.957,0.006998,0.09,164,0.87,ml
445,2.552,0.007888,0.13,113,0.64,ml
446,4.628,0.05129,0.09,284,0.32,ml
447,4.287,0.01116,0.11,88,0.29,ml
448,5.112,0.01357,0.12,76,1.37,ml
449,4.87,0.04145,0.03,166,0.48,ml
450,21.83,0.1817,0.13,108,1.68,ml
451,9.785,0.1027,0.19,294,0.45,ml
452,8.948,0.2064,0.1,69,1.13,ml
453,5.112,0.006293,0.06,145,0.82,ml
454,1.339,0.03445,0.14,58,1.15,ml
455,4.482,0.03372,0.11,60,0.88,ml
456,0.882,0.02706,0.16,147,0.86,ml
457,1.242,0.04005,0.11,108,0.83,ml
458,6.404,0.1358,0.09,53,2.13,ml
459,3.154,0.2129,0.13,47,2.33,ml
460,5.888,0.03731,0.14,227,0.91,ml
461,5.422,0.07616,0.06,209,0.74,ml
462,0.072,0.1896,0.05,93,0.54,ml
463,-1.298,0.01204,0.09,80,0.54,ml
464,4.282,0.1836,0.05,135,0.21,ml
465,7.482,0.06426,0.17,69,0.93,ml
466,9.609,0.1406,0.16,152,1.46,ml
467,1.64,0.07272,0.14,46,1.58,ml
468,16.391,0.012,0.15,64,1.48,ml
469,11.901,0.01221,0.22,115,0.45,ml
470,2.947,0.1228,0.15,265,0.5,ml
471,9.128,0.04194,0.12,63,1.56,ml
472,3.985,0.1887,0.17,181,0.63,ml
473,8.044,0.0133,0.21,163,0.56,ml
474,3.565,0.01388,0.19,225,0.68,ml
475,12.992,0.1728,0.13,99,1.04,ml
476,4.232,0.1721,0.1,143,1.0,ml
477,9.108,0.01249,0.15,94,1.35,ml
478,3.627,0.01123,0.12,286,0.38,ml
479,7.058,0.01478,0.16,215,1.44,ml
480,8.72,0.1703,0.12,49,1.05,ml
481,8.858,0.02031,0.07,159,0.45,ml
482,8.688,0.007218,0.1,64,1.37,ml
483,-1.583,0.01618,0.12,256,0.6,ml
484,21.949,0.01376,0.14,60,1.8,ml
485,5.622,0.009803,0.15,212,0.43,ml
486,4.182,0.007891,0.14,178,0.67,ml
487,4.672,0.2242,0.07,104,1.07,ml
488,-0.023,0.03123,0.14,81,1.75,ml
489,5.508,0.0117,0.05,289,-0.16,ml
490,4.197,0.009714,0.09,246,-0.35,ml
491,4.76,0.02567,0.06,170,0.26,ml
492,4.292,0.1681,0.11,141,0.56,ml
493,4.64,0.1965,0.06,179,-0.12,ml
494,5.75,0.0261,0.07,160,0.27,ml
495,5.715,0.02728,0.12,94,1.64,ml
496,0.102,0.02511,0.1,75,0.2,ml
497,4.122,0.02773,0.1,67,1.18,ml
498,3.992,0.03161,0.12,110,0.92,ml
499,2.055,0.1887,0.09,239,0.33,ml
500,-0.53,0.1724,0.14,80,1.0,ml
501,4.017,0.1194,0.13,266,0.38,ml
502,8.744,0.1672,0.16,109,1.0,ml
503,0.152,0.1052,0.07,77,0.38,ml
504,-1.108,0.09847,0.12,75,0.82,ml
505,0.062,0.007735,0.15,70,1.02,ml
506,-1.194,0.1015,0.1,161,1.73,ml
507,4.767,0.1498,0.14,263,1.03,ml
508,-1.493,0.009927,0.17,82,1.25,ml
509,3.337,0.02922,0.12,258,0.7,mh
510,1.237,0.2831,0.16,80,0.89,ml
511,-0.375,0.004845,0.15,64,1.25,ml
512,7.0,0.1034,0.14,100,0.38,ml
513,5.0,0.05768,0.05,179,1.16,ml
514,10.398,0.1016,0.12,162,1.18,ml
515,3.965,0.2793,0.15,207,0.49,ml
516,4.6,0.01532,0.06,174,0.88,ml
517,0.482,0.1732,0.09,76,0.95,ml
518,5.563,0.07347,0.27,139,1.77,ml
519,5.436,0.166,0.03,164,0.58,ml
520,0.945,0.167,0.1,68,0.97,ml
521,2.272,0.01283,0.15,166,0.38,ml
522,0.567,0.4048,0.12,57,1.61,ml
523,4.461,0.1729,0.23,141,1.02,ml
524,5.731,0.005257,0.05,65,0.81,md
525,-0.923,0.1126,0.12,82,1.22,ml
526,8.099,0.01012,0.12,127,0.99,ml
527,-0.983,0.02752,0.18,241,0.99,ml
528,-0.443,0.01661,0.14,81,2.07,ml
529,8.878,0.03142,0.08,143,0.51,ml
530,1.842,0.02341,0.11,296,1.36,ml
531,5.007,0.0479,0.3,165,1.28,ml
532,1.062,0.006219,0.07,97,0.39,ml
533,9.887,0.03456,0.13,151,1.71,md
534,8.688,0.274,0.11,67,0.79,ml
535,4.513,0.02599,0.25,209,0.55,ml
536,8.528,0.07016,0.07,146,0.98,ml
537,4.327,0.1787,0.07,183,0.2,ml
538,-0.478,0.006073,0.09,82,0.14,ml
539,0.142,0.009932,0.11,85,0.88,ml
540,5.03,0.05554,0.07,178,0.2,ml
541,3.416,0.01242,0.09,269,0.12,ml
542,0.869,0.1859,0.21,220,0.78,ml
543,-0.14,0.2112,0.13,81,-0.1,ml
544,8.079,0.06376,0.13,114,1.1,ml
545,-1.033,0.003839,0.12,83,1.68,ml
546,9.378,0.1786,0.15,52,1.88,ml
547,8.858,0.1897,0.1,71,1.36,ml
548,5.635,0.2149,0.04,241,0.28,ml
549,-1.088,0.01785,0.11,137,0.49,ml
550,4.054,0.007754,0.11,56,1.32,ml
551,-1.01,0.2093,0.08,89,1.01,ml
552,3.115,0.01342,0.12,74,0.87,ml
553,1.052,0.1756,0.06,85,-0.16,ml
554,-0.583,0.1112,0.17,145,1.45,ml
555,4.127,0.02031,0.14,310,0.36,ml
556,1.38,0.04094,0.13,46,1.63,ml
557,3.622,0.01766,0.08,193,0.09,ml
558,1.392,0.03305,0.05,99,-0.11,ml
559,3.34,0.01558,0.14,87,1.17,ml
560,9.128,0.01997,0.03,162,0.67,ml
561,-1.153,0.01843,0.13,82,1.28,ml
562,3.334,0.01367,0.16,63,1.41,ml
563,8.723,0.01193,0.03,178,0.57,ml
564,1.765,0.03964,0.11,66,1.18,ml
565,3.345,0.01132,0.04,186,-0.11,ml
566,-0.385,0.004508,0.11,114,0.08,ml
567,9.378,0.01619,0.1,158,1.02,ml
568,2.507,0.2019,0.07,126,0.13,ml
569,9.188,0.03548,0.09,92,1.26,ml
570,9.198,0.01742,0.08,160,0.68,ml
571,7.578,0.06332,0.17,70,1.1,ml
572,10.47,0.1683,0.04,217,1.03,md
573,9.178,0.1734,0.09,71,0.96,ml
574,9.438,0.1713,0.14,46,3.02,ml
575,2.767,0.05343,0.06,154,-0.07,ml
