,Depth,Distance to Epicenter,Root Mean Square,Azimuthal Gap,Magnitude,Waveform
0,17.065,0.06034,0.11,63,1.38,ml
1,18.027,0.08631,0.19,62,1.51,ml
2,7.853,0.04814,0.12,69,0.81,ml
3,4.84,0.02072,0.4,53,2.35,ml
4,5.017,0.02391,0.26,76,1.5,ml
5,6.352,0.02764,0.26,67,1.28,ml
6,6.306,0.02063,0.27,31,1.8,ml
7,2.284,0.05259,0.25,46,1.7,ml
8,5.893,0.08887,0.11,122,1.03,ml
9,16.995,0.08533,0.14,36,2.43,ml
10,5.612,0.0399,0.07,56,0.94,ml
11,5.542,0.06515,0.14,59,1.23,ml
12,5.937,0.08009,0.11,159,1.13,ml
13,10.235,0.08525,0.1,65,0.91,ml
14,9.932,0.08465,0.13,91,0.56,ml
15,3.342,0.06233,0.14,93,0.88,ml
16,6.749,0.1698,0.08,84,0.75,ml
17,10.641,0.06246,0.17,42,2.1,ml
18,7.436,0.08707,0.12,43,1.06,ml
19,0.962,0.01508,0.16,139,0.9,ml
20,1.368,0.1216,0.06,129,0.81,ml
21,1.757,0.08272,0.1,165,1.6,ml
22,2.642,0.02491,0.26,111,0.92,ml
23,1.905,0.05997,0.21,91,1.06,ml
24,9.15,0.1446,0.12,58,1.38,ml
25,12.974,0.0319,0.11,56,1.27,ml
26,8.516,0.03104,0.06,101,1.15,ml
27,7.522,0.04722,0.12,64,1.76,ml
28,8.027,0.05818,0.14,35,2.14,ml
29,10.645,0.06468,0.09,109,1.26,ml
30,6.803,0.09818,0.07,60,0.97,ml
31,2.015,0.07987,0.13,148,1.39,ml
32,16.947,0.08037,0.1,55,1.67,ml
33,16.431,0.1239,0.06,59,0.94,ml
34,15.237,0.05711,0.08,48,0.81,ml
35,10.447,0.01635,0.11,92,1.28,ml
36,2.123,0.05139,0.12,38,1.9,ml
37,18.467,0.05015,0.07,75,1.36,ml
38,8.625,0.09042,0.17,108,0.53,ml
39,17.454,0.01955,0.09,117,0.8,ml
40,9.976,0.0354,0.16,73,1.95,ml
41,8.162,0.1192,0.1,75,1.07,ml
42,17.568,0.06483,0.1,91,0.9,ml
43,4.384,0.08368,0.03,214,0.57,ml
44,12.928,0.0837,0.15,36,1.15,ml
45,12.757,0.1219,0.14,61,0.9,ml
46,5.152,0.03178,0.17,69,1.13,ml
47,13.296,0.02981,0.17,50,1.34,ml
48,12.872,0.1216,0.15,37,2.22,ml
49,18.485,0.01626,0.11,87,0.82,ml
50,11.89,0.07481,0.15,60,1.73,ml
51,10.21,0.1037,0.11,115,1.16,ml
52,16.819,0.05641,0.12,68,1.17,ml
53,10.189,0.0661,0.07,171,1.11,ml
54,15.124,0.08115,0.15,35,0.98,ml
55,10.215,0.05998,0.16,65,0.86,ml
56,8.549,0.0789,0.2,50,1.01,ml
57,10.71,0.07033,0.14,50,1.04,ml
58,10.746,0.08338,0.18,15,2.46,ml
59,11.991,0.06688,0.1,73,0.89,ml
60,18.76,0.01601,0.14,88,0.86,ml
61,8.18,0.05069,0.14,58,1.26,ml
62,9.358,0.05791,0.17,110,0.78,ml
63,16.568,0.09493,0.12,60,1.03,ml
64,12.203,0.08954,0.13,196,1.52,ml
65,16.639,0.02655,0.11,60,0.89,ml
66,12.204,0.09147,0.17,97,2.05,ml
67,8.744,0.06615,0.17,77,1.27,ml
68,15.863,0.0268,0.11,47,1.03,ml
69,11.761,0.03213,0.14,103,2.16,ml
70,13.926,0.06449,0.17,104,2.04,ml
71,8.961,0.05286,0.1,96,0.9,ml
72,13.992,0.09198,0.12,85,1.05,ml
73,17.024,0.05383,0.08,58,1.08,ml
74,-0.375,0.01314,0.18,84,1.4,ml
75,6.049,0.08238,0.12,139,1.39,ml
76,17.291,0.0516,0.13,48,1.14,ml
77,7.928,0.115,0.1,77,1.01,ml
78,17.893,0.006555,0.11,89,0.92,ml
79,9.054,0.0371,0.18,39,2.93,ml
80,7.572,0.04131,0.06,89,0.51,ml
81,8.618,0.09219,0.15,32,1.63,ml
82,16.382,0.09482,0.12,90,1.43,ml
83,16.79,0.08256,0.12,67,1.24,ml
84,12.947,0.1063,0.19,73,1.04,ml
85,6.456,0.038,0.15,244,0.77,ml
86,10.827,0.0319,0.15,69,1.15,ml
87,9.769,0.0248,0.07,105,1.14,ml
88,9.276,0.06315,0.17,43,1.24,ml
89,9.947,0.07105,0.34,50,2.21,ml
90,3.177,0.0308,0.14,53,1.22,ml
91,3.616,0.03766,0.18,41,1.03,ml
92,11.4,0.06735,0.13,50,1.1,ml
93,6.573,0.03058,0.15,49,1.36,ml
94,0.814,0.0248,0.12,127,1.38,ml
95,2.055,0.1329,0.14,75,1.88,ml
96,12.228,0.05886,0.22,89,1.88,ml
97,14.942,0.04251,0.23,17,3.07,ml
98,11.623,0.01193,0.15,109,1.1,ml
99,4.313,0.01979,0.17,68,1.52,ml
100,2.328,0.08498,0.3,83,1.52,ml
101,16.324,0.06312,0.13,52,1.27,ml
102,8.254,0.02874,0.2,85,1.08,ml
103,11.413,0.03362,0.2,152,1.67,ml
104,6.502,0.03168,0.1,91,0.64,ml
105,6.225,0.08928,0.08,74,0.86,ml
106,13.968,0.02316,0.14,93,1.25,ml
107,4.033,0.08643,0.12,108,0.77,ml
108,16.475,0.03011,0.13,45,1.42,ml
109,7.852,0.03363,0.16,38,1.38,ml
110,8.095,0.04264,0.11,71,0.84,ml
111,8.263,0.02974,0.1,133,1.08,ml
112,8.15,0.09207,0.09,83,1.11,ml
113,8.722,0.02791,0.12,109,0.62,ml
114,3.306,0.1208,0.17,69,0.98,ml
115,-0.338,0.08666,0.12,125,0.83,ml
116,7.304,0.02601,0.19,59,1.62,ml
117,2.997,0.02302,0.16,68,1.24,ml
118,3.922,0.2163,0.16,109,0.92,ml
119,12.372,0.07708,0.18,86,1.0,ml
120,7.692,0.08427,0.17,116,1.02,ml
121,3.361,0.07622,0.14,113,1.08,ml
122,0.514,0.03019,0.12,89,0.6,ml
123,10.564,0.02822,0.33,102,1.17,ml
124,7.439,0.05895,0.1,107,0.88,ml
125,6.339,0.05842,0.12,43,1.07,ml
126,13.087,0.1053,0.25,50,2.01,ml
127,15.525,0.06344,0.13,37,0.73,ml
128,2.081,0.06948,0.09,92,0.66,ml
129,14.743,0.003664,0.15,41,1.34,ml
130,8.626,0.115,0.19,47,2.02,ml
131,14.845,0.105,0.08,145,0.71,ml
132,14.558,0.06184,0.16,310,0.4,ml
133,3.503,0.1068,0.14,50,0.81,ml
134,14.903,0.05149,0.13,48,1.49,ml
135,11.74,0.07062,0.14,27,1.37,ml
136,2.023,0.0624,0.11,54,0.77,ml
137,2.764,0.1039,0.14,118,1.18,ml
138,16.542,0.04606,0.18,99,1.04,ml
139,7.733,0.038,0.16,96,1.24,ml
140,12.624,0.08774,0.12,58,1.54,ml
141,11.261,0.07388,0.09,204,0.89,ml
142,15.545,0.04937,0.13,43,1.0,ml
143,10.695,0.01241,0.17,106,1.0,ml
144,11.817,0.07908,0.3,81,2.0,ml
145,17.34,0.02971,0.11,27,2.05,ml
146,14.217,0.02675,0.04,124,0.87,ml
147,2.673,0.07599,0.13,102,0.97,ml
148,2.202,0.02687,0.23,60,1.31,ml
149,1.735,0.03299,0.12,118,1.0,ml
150,6.765,0.02616,0.23,201,1.09,ml
151,1.249,0.02256,0.11,109,0.87,ml
152,2.385,0.07791,0.22,43,1.86,ml
153,1.972,0.04514,0.13,95,0.6,ml
154,5.453,0.05586,0.18,60,1.58,ml
155,10.678,0.0408,0.14,45,0.93,ml
156,8.562,0.04282,0.15,62,1.08,ml
157,14.587,0.02493,0.14,36,2.04,ml
158,16.914,0.06419,0.13,119,1.47,ml
159,0.874,0.01521,0.09,67,0.79,ml
160,6.076,0.0442,0.22,130,1.06,ml
161,7.626,0.08893,0.1,79,0.61,ml
162,5.944,0.008877,0.16,61,1.04,ml
163,7.579,0.2735,0.17,121,1.17,ml
164,7.713,0.04351,0.09,266,0.54,ml
165,16.002,0.101,0.14,26,2.2,ml
166,18.298,0.04332,0.17,76,0.91,ml
167,5.207,0.05317,0.15,29,2.44,ml
168,5.263,0.06861,0.22,41,1.62,ml
169,9.127,0.04498,0.16,123,1.65,ml
170,5.212,0.08175,0.19,44,1.99,ml
171,1.772,0.02089,0.15,44,1.65,ml
172,2.406,0.08788,0.18,53,2.5,ml
173,3.122,0.08828,0.12,75,1.25,ml
174,1.551,0.04282,0.13,94,0.85,ml
175,3.873,0.3185,0.21,28,2.1,ml
176,6.765,0.02635,0.09,336,1.11,ml
177,1.522,0.03618,0.16,104,1.59,ml
178,3.891,0.1194,0.18,61,1.31,ml
179,7.439,0.04418,0.16,115,1.44,ml
180,6.093,0.03318,0.2,49,1.27,ml
181,2.512,0.03801,0.16,60,1.42,ml
182,2.38,0.07323,0.21,19,3.19,ml
183,9.955,0.03684,0.24,19,3.63,ml
184,7.622,0.08797,0.19,59,1.48,ml
185,2.431,0.1008,0.14,107,0.85,ml
186,1.712,0.04474,0.08,121,0.79,ml
187,5.747,0.0802,0.17,91,1.77,ml
188,3.281,0.09203,0.16,114,0.71,ml
189,2.571,0.07709,0.2,95,1.36,ml
190,2.641,0.01964,0.13,108,0.83,ml
191,2.965,0.0244,0.17,106,1.67,ml
192,3.045,0.03452,0.23,47,1.13,ml
193,3.033,0.02499,0.11,117,0.94,ml
194,3.393,0.04959,0.26,84,0.86,ml
195,14.605,0.03736,0.17,70,0.91,ml
196,2.879,0.04017,0.16,26,2.27,ml
197,2.682,0.08243,0.12,74,1.59,ml
198,2.822,0.03603,0.18,95,0.95,ml
199,2.299,0.0878,0.15,58,1.27,ml
200,1.571,0.041,0.1,114,0.61,ml
201,2.889,0.04936,0.08,83,1.8,ml
202,2.934,0.03616,0.19,22,4.43,mw
203,7.624,0.4145,0.17,71,1.65,ml
204,3.363,0.02903,0.14,70,1.43,ml
205,2.314,0.05562,0.11,238,1.26,ml
206,3.682,0.06077,0.14,44,1.77,ml
207,15.136,0.04527,0.16,131,1.22,ml
208,1.782,0.02838,0.17,39,1.93,ml
209,3.887,0.04069,0.1,88,1.12,ml
210,13.878,0.0705,0.15,82,1.07,ml
211,8.82,0.07387,0.12,72,0.96,ml
212,8.261,0.02129,0.12,111,0.46,ml
213,8.704,0.0538,0.16,28,1.91,ml
214,8.408,0.09205,0.11,53,1.24,ml
215,11.988,0.0004573,0.12,67,0.95,ml
216,16.894,0.06034,0.14,94,0.82,ml
217,7.315,0.4886,0.19,30,2.25,ml
218,7.189,0.06776,0.15,73,1.78,ml
219,9.579,0.1706,0.2,126,1.0,ml
220,11.895,0.06426,0.23,53,0.72,ml
221,17.289,0.07505,0.11,331,1.04,ml
222,8.044,0.0689,0.21,163,0.56,ml
223,5.362,0.02093,0.14,149,0.95,ml
224,16.528,0.09598,0.16,47,0.98,ml
225,11.147,0.05294,0.29,60,2.36,ml
226,19.046,0.2412,0.18,233,0.8,ml
227,10.515,0.0261,0.08,123,0.94,ml
228,10.321,0.07129,0.19,133,0.91,ml
229,8.744,0.1015,0.16,109,1.0,ml
230,11.834,0.07432,0.22,155,1.38,ml
231,10.398,0.05135,0.12,162,1.18,ml
232,2.813,0.3114,0.09,134,0.78,ml
233,9.014,0.05754,0.13,41,1.55,ml
234,12.499,0.1181,0.1,274,1.87,ml
235,13.708,0.08974,0.13,38,1.44,ml
236,15.112,0.1133,0.13,53,1.26,ml
237,17.193,0.02085,0.1,53,1.01,ml
238,9.381,0.06501,0.11,117,0.76,ml
239,8.135,0.02313,0.12,105,0.94,ml
240,15.578,0.1157,0.17,62,1.14,ml
241,11.147,0.2395,0.29,49,3.01,ml
242,16.519,0.07016,0.12,143,1.25,ml
243,6.109,0.06633,0.18,165,1.02,ml
244,8.079,0.02588,0.13,114,1.1,ml
245,3.207,0.1112,0.11,193,0.3,mh
246,14.303,0.01523,0.15,53,1.17,ml
247,6.804,0.06679,0.06,103,0.87,ml
248,2.402,0.05343,0.09,114,1.36,ml
