,Depth,Distance to Epicenter,Root Mean Square,Azimuthal Gap,Magnitude,Waveform
0,125.47,1.556,1.28,131,4.4,mb
1,33.52,5.554,0.89,83,4.0,mb
2,86.41,1.77,0.95,71,4.4,mb
3,201.35,2.118,0.92,120,4.3,mb
4,48.6,2.704,0.46,133,4.3,mb
5,160.36,1.87,0.78,60,4.6,mb
6,66.43,3.456,1.32,130,4.3,mb
7,125.46,2.006,0.58,77,4.4,mb
8,68.28,0.46,0.87,80,4.7,mb
9,57.22,3.373,0.46,199,4.2,mb
10,54.2,1.96,1.36,93,4.5,mb
11,68.13,0.243,0.92,29,4.8,mwr
12,519.08,1.33,0.56,49,4.5,mb
13,53.45,2.181,1.08,135,4.6,mb
14,26.98,0.637,0.65,126,4.8,mb
15,41.69,1.838,0.43,163,4.8,mb
16,62.49,1.361,0.48,148,4.6,mb
17,138.13,0.915,0.68,113,4.3,mb
18,37.41,3.202,0.39,128,4.6,mb
19,41.04,1.932,0.64,95,4.7,mb
20,6.3,1.043,0.69,22,4.3,mb
21,93.59,1.48,0.67,84,5.3,mb
22,120.69,2.036,0.46,77,4.3,mb
23,46.78,0.727,0.79,45,4.3,mb
24,98.99,2.384,0.96,135,4.7,mb
25,56.49,1.611,0.41,67,4.3,mb
26,57.33,0.694,1.03,112,4.3,mb
27,13.83,2.398,0.8,111,4.5,mb
28,51.78,2.72,0.52,36,5.0,mb
29,61.98,2.139,0.74,102,5.2,mb
30,43.03,2.042,0.77,91,5.0,mb
31,203.7,1.322,0.92,134,4.4,mb
32,91.78,1.926,0.88,76,4.8,mb
33,400.94,2.068,0.69,180,4.2,mb
34,34.78,1.067,1.29,46,4.5,mb
35,68.79,2.522,0.97,110,4.9,mb
36,52.63,2.175,1.17,21,4.2,mb
37,171.57,3.083,0.74,112,4.5,mb
38,45.2,1.271,0.32,114,4.4,mb
39,178.11,3.471,1.1,66,4.3,mb
40,57.57,1.865,0.78,89,4.3,mb
41,347.57,1.071,0.52,33,4.1,mb
42,99.81,2.331,0.81,109,5.1,mb
43,34.93,2.332,0.7,132,4.3,mb
44,35.7,2.116,0.68,106,4.7,mb
45,66.51,1.925,0.79,124,4.2,mb
46,59.28,0.99,0.55,136,4.2,mb
47,31.45,5.461,1.49,134,4.4,mb
48,10.0,0.85,0.54,60,4.2,mb
49,261.64,1.999,0.53,149,4.1,mb
50,71.4,1.87,1.34,53,4.9,mb
51,62.26,2.197,0.64,155,4.3,mb
52,350.64,2.114,0.53,192,4.5,mb
53,62.29,1.769,1.32,116,4.4,mb
54,15.7,2.453,0.57,115,4.2,mb
55,73.94,0.606,0.66,82,4.6,mb
56,34.97,1.541,0.79,27,4.7,mb
57,10.0,0.594,1.28,63,4.1,mb
58,42.38,1.771,0.79,116,5.0,mb
59,141.77,2.143,0.64,125,4.5,mb
60,58.15,1.876,0.76,132,4.6,mb
61,54.85,2.963,0.9,51,4.5,mb
62,44.19,1.393,1.0,181,4.4,mb
63,531.29,2.209,0.75,96,4.1,mb
64,78.45,3.356,1.31,53,4.1,mb
65,41.63,2.499,0.73,128,5.0,mb
66,228.14,1.853,0.58,118,4.9,mb
67,39.71,0.426,0.45,21,4.6,mb
68,37.48,3.892,0.94,71,4.6,mb
69,77.14,2.208,0.81,117,5.3,mwb
70,10.0,0.986,0.81,41,4.3,mb
71,21.72,0.523,0.79,109,4.5,mb
72,235.33,1.988,0.71,135,5.1,mb
73,144.81,0.394,0.82,86,4.3,mb
74,84.63,1.526,1.08,131,4.1,mb
75,29.8,1.475,0.78,128,4.6,mb
76,85.7,2.216,0.43,102,4.2,mb
77,230.59,2.198,0.33,108,4.0,mb
78,28.93,2.199,1.24,120,4.8,mb
79,35.0,4.204,0.8,52,4.5,mb
80,61.76,0.283,0.85,87,4.9,mb
