,Depth,Distance to Epicenter,Root Mean Square,Azimuthal Gap,Magnitude,Waveform
0,15.3,0.078,0.0401,144.69,-0.3,ml
1,11.944,0.05856,0.03,136.0,1.51,md
2,15.1,0.11,0.0078,133.19,-0.9,ml
3,17.8,0.041,0.053,140.64,-0.7,ml
4,3.718,0.07658,0.08,125.0,0.96,md
5,7.697,0.02432,0.05,116.0,2.01,md
6,7.0,0.16,0.0603,282.71,0.8,ml
7,0.476,0.01261,0.05,158.0,0.86,md
8,2.875,0.004505,0.05,143.0,0.55,md
9,9.1,0.109,0.1403,153.33,-0.8,ml
10,11.6,0.093,0.0303,302.9,-0.2,ml
11,14.4,0.1,0.0448,138.36,0.4,ml
12,2.835,0.01802,0.07,127.0,0.31,md
13,2.425,0.01802,0.02,141.0,-0.09,md
14,3.846,0.03964,0.05,132.0,1.95,md
15,5.4593,0.161,0.1065,133.63,0.03,ml
16,4.215,0.1189,0.08,115.0,0.71,md
17,5.497,0.09459,0.12,303.0,0.99,md
18,2.715,0.02793,0.13,69.0,1.52,md
19,4.345,0.07838,0.09,165.0,0.9,md
20,4.665,0.07838,0.08,165.0,1.3,md
21,5.295,0.07838,0.1,165.0,0.86,md
22,5.955,0.06937,0.12,89.0,1.88,md
23,1.945,0.07477,0.1,97.0,1.86,md
24,3.115,0.02342,0.03,104.0,0.31,md
25,7.954,0.1973,0.1,117.0,1.66,md
26,-1.428,0.1387,0.09,131.0,2.22,md
27,2.97,0.0955,0.1,139.0,1.42,md
28,10.0,0.11,0.0526,157.45,-0.4,ml
29,8.927,0.1054,0.06,83.0,1.19,md
30,15.7,0.09,0.093,127.15,0.4,ml
31,11.2,0.106,0.0387,305.23,-0.3,ml
32,2.384,0.07297,0.13,149.0,1.49,md
33,0.0,0.083,0.1048,165.09,0.37,ml
34,17.8,0.189,0.0007,316.99,-0.5,ml
35,10.9,0.114,0.0654,306.49,-0.2,ml
36,15.1,0.102,0.0034,123.72,-0.1,ml
37,2.406,0.06667,0.09,130.0,2.28,md
38,14.5,0.102,0.026,126.04,-0.1,ml
39,11.5,0.033,0.0004,171.89,-0.4,ml
40,3.372,0.06216,0.07,241.0,0.83,md
41,9.6,0.131,0.1723,309.15,-0.6,ml
42,3.756,0.07297,0.09,168.0,0.84,md
43,5.24,0.06757,0.12,40.0,1.93,md
44,7.378,0.1775,0.08,83.0,2.04,md
45,17.7,0.093,0.0021,124.79,-0.7,ml
46,2.735,0.007207,0.04,122.0,-0.11,md
47,15.5,0.095,0.0235,133.95,-0.8,ml
48,3.557,0.01982,0.08,127.0,1.73,md
49,6.616,0.04414,0.18,112.0,1.25,md
50,1.1,0.015,0.0353,128.45,-0.6,ml
51,0.243,0.00991,0.07,126.0,1.08,md
52,12.2,0.094,0.0381,159.34,-0.5,ml
53,11.3,0.106,0.1401,264.24,0.0,ml
54,12.6,0.104,0.1141,147.66,2.1,ml
55,8.953,0.3577,0.1,199.0,1.85,md
56,11.4,0.092,0.1406,134.56,-0.7,ml
57,3.175,0.006306,0.05,101.0,1.1,md
58,13.1,0.047,0.0286,174.07,-0.6,ml
59,5.6,0.139,0.1113,120.55,0.3,ml
60,12.908,0.07568,0.09,91.0,0.84,md
61,10.171,0.05315,0.05,69.0,2.37,md
62,0.0,0.207,0.0143,159.46,0.5,ml
63,0.0,0.206,0.0171,159.19,0.5,ml
64,11.5,0.15,0.1301,111.72,0.0,ml
65,12.3734,0.093,0.0903,166.65,0.85,ml
66,12.3,0.065,0.1035,255.41,-0.1,ml
67,15.8,0.083,0.0504,140.22,-0.7,ml
68,9.8,0.122,0.0507,307.81,-0.4,ml
69,10.924,0.04144,0.11,108.0,0.91,md
70,15.996,0.2586,0.18,267.0,1.94,md
71,14.7,0.175,0.1571,272.83,0.8,ml
72,14.7,0.095,0.0036,123.69,-0.4,ml
73,9.1,0.106,0.1357,131.98,-0.8,ml
74,12.1,0.072,0.0313,256.83,-0.6,ml
75,4.6,0.046,0.0102,249.66,0.3,ml
76,11.5059,0.048,0.1062,233.39,0.33,ml
77,11.9,0.107,0.1412,264.48,-0.2,ml
78,11.5,0.105,0.1452,264.15,0.4,ml
79,9.217,0.01982,0.06,91.0,1.69,md
80,7.798,0.1495,0.14,218.0,1.56,md
81,11.6,0.086,0.0003,140.58,-0.9,ml
82,8.1,0.078,0.0442,135.3,-0.4,ml
83,9.3,0.075,0.0022,137.7,-0.6,ml
84,6.8,0.085,0.0005,140.42,-0.2,ml
85,7.1,0.13,0.1119,266.42,-0.4,ml
86,-0.749,0.07207,0.09,109.0,1.73,md
87,0.0,0.068,0.0786,247.46,0.1,ml
88,0.0,0.058,0.0911,293.08,0.0,ml
89,5.3,0.054,0.1113,230.55,1.4,ml
90,12.9,0.03,0.0788,233.03,-0.7,ml
91,9.5,0.108,0.0,147.26,-0.6,ml
92,12.4,0.257,0.1142,265.74,0.6,ml
93,12.8,0.095,0.079,129.45,-0.9,ml
94,9.562,0.1829,0.04,152.0,1.52,md
95,0.0,0.225,0.0254,242.51,0.3,ml
96,16.2,0.084,0.0166,123.1,0.0,ml
97,15.8,0.091,0.1187,121.43,1.3,ml
98,3.117,0.01532,0.08,122.0,2.03,md
99,10.3,0.19,0.1175,179.61,0.9,ml
100,0.0,0.235,0.0074,287.77,0.1,ml
101,1.947,0.01171,0.05,140.0,0.53,md
102,2.695,0.004505,0.05,117.0,1.15,md
103,16.845,0.1739,0.06,139.0,1.53,md
104,1.566,0.1252,0.08,226.0,1.05,md
105,5.4,0.058,0.0422,138.11,-0.9,ml
106,11.1,0.043,0.1131,102.53,0.1,ml
107,10.5,0.115,0.0668,306.64,-0.5,ml
108,12.0,0.13,0.0004,309.1,-0.6,ml
109,12.5,0.1,0.03,166.83,-0.9,ml
110,14.1,0.096,0.0011,130.92,-0.9,ml
111,14.8,0.21,0.0006,319.1,-0.1,ml
112,13.826,0.2333,0.12,131.0,1.48,md
113,11.8,0.092,0.0001,302.62,-0.3,ml
114,2.556,0.2414,0.08,166.0,1.47,md
115,12.3,0.097,0.0887,264.24,-0.2,ml
116,1.445,0.09279,0.03,279.0,0.96,md
117,5.482,0.08018,0.08,108.0,1.61,md
118,18.2,0.232,0.097,227.53,0.4,ml
119,15.0,0.105,0.0185,118.35,-0.4,ml
120,5.302,0.06577,0.09,130.0,1.47,md
121,10.3,0.107,0.1357,183.12,0.7,ml
122,8.202,0.1099,0.16,148.0,1.18,md
123,7.6,0.073,0.0781,250.29,0.8,ml
124,14.2,0.025,0.1373,228.37,2.2,ml
125,2.345,0.008108,0.06,115.0,0.24,md
126,10.5,0.104,0.0337,161.41,-0.3,ml
127,11.2,0.085,0.0055,126.8,-0.1,ml
128,12.8,0.12,0.0051,113.85,-0.5,ml
129,5.854,0.07477,0.1,142.0,1.13,md
130,5.7,0.186,0.0946,144.39,0.4,ml
131,11.9,0.214,0.1154,167.18,0.3,ml
132,14.8,0.093,0.0217,119.97,-0.4,ml
133,4.9,0.066,0.096,153.2,0.1,ml
134,11.6,0.089,0.1068,260.4,-0.3,ml
135,12.7,0.085,0.0874,86.1,-0.1,ml
136,0.91,0.01892,0.01,169.0,-0.21,md
137,7.9,0.2,0.1103,236.6,0.1,ml
138,10.0,0.194,0.1399,160.22,1.0,ml
139,8.1,0.039,0.0062,166.39,-0.3,ml
140,11.2,0.049,0.0185,245.84,-0.5,ml
141,15.5,0.294,0.0952,295.32,0.3,ml
142,5.2,0.082,0.052,253.32,0.6,ml
143,12.919,0.1676,0.14,62.0,1.72,md
144,14.6,0.109,0.0239,120.4,0.5,ml
145,11.6,0.11,0.1387,265.31,0.0,ml
146,10.6,0.124,0.0784,269.57,-0.1,ml
147,17.2,0.344,0.1033,283.83,1.3,ml
148,11.872,0.1973,0.06,90.0,1.54,md
149,4.73,0.07748,0.13,104.0,1.77,md
150,13.3,0.242,0.0528,234.5,-0.2,ml
151,10.4,0.123,0.0887,308.0,-0.1,ml
152,7.2,0.151,0.0337,163.06,-0.2,ml
153,11.704,0.1279,0.06,138.0,1.44,md
154,12.464,0.1297,0.1,139.0,2.32,md
155,0.91,0.08018,0.03,127.0,1.41,md
156,-1.704,0.255,0.11,134.0,1.75,md
157,11.7,0.11,0.0006,305.83,-0.3,ml
158,11.3,0.097,0.0002,303.59,-0.1,ml
159,4.51,0.07928,0.12,110.0,1.7,md
160,11.5,0.095,0.0093,303.22,-0.4,ml
161,3.819,0.07568,0.08,103.0,1.53,md
162,11.3,0.088,0.0012,301.94,-0.6,ml
163,11.1,0.102,0.0003,304.55,-0.7,ml
164,10.8,0.102,0.0001,304.55,-0.6,ml
165,11.4,0.107,0.0645,266.14,0.2,ml
166,12.9,0.166,0.0061,314.13,-0.5,ml
167,16.126,0.3099,0.05,277.0,1.79,md
168,16.616,0.3153,0.06,282.0,1.78,md
169,12.4,0.11,0.0656,267.32,-0.3,ml
170,-1.181,0.03784,0.2,53.0,1.53,md
171,4.292,0.1586,0.11,152.0,1.45,md
172,12.495,0.02703,0.18,84.0,0.35,md
173,11.4,0.104,0.0811,304.62,0.0,ml
174,13.4,0.092,0.1158,123.17,-0.8,ml
175,14.2,0.094,0.1237,102.81,0.0,ml
176,6.3,0.035,0.1101,72.99,0.7,ml
177,6.8,0.033,0.1152,72.36,1.1,ml
178,7.5,0.031,0.1246,70.32,1.7,ml
179,9.6,0.117,0.1087,267.79,-0.1,ml
180,9.1,0.048,0.1554,254.24,-0.3,ml
181,8.311,0.06396,0.13,194.0,1.5,md
182,4.11,0.07838,0.07,104.0,1.58,md
183,0.0,0.094,0.1226,300.3,0.1,ml
184,8.8,0.157,0.0957,73.8,0.5,ml
185,5.366,0.03243,0.07,172.0,1.43,md
186,6.44,0.06577,0.1,115.0,2.19,md
187,11.5,0.095,0.0051,303.19,-0.3,ml
188,11.4,0.099,0.0005,303.94,-0.3,ml
189,1.876,0.1117,0.23,307.0,0.95,md
190,6.8,0.253,0.0776,236.23,0.0,ml
191,9.34,0.07658,0.07,130.0,1.45,md
192,10.6,0.052,0.0955,204.13,0.7,ml
193,1.996,0.1505,0.05,245.0,0.72,md
194,10.7,0.276,0.0998,300.32,0.5,ml
195,9.0,0.153,0.0602,138.29,0.2,ml
196,9.505,0.09009,0.08,305.0,0.64,md
197,10.3,0.099,0.0308,179.56,-0.7,ml
198,11.1,0.112,0.1037,306.12,0.4,ml
199,6.515,0.08559,0.05,259.0,0.93,md
200,7.8,0.308,0.0613,314.8,0.5,ml
201,8.5,0.306,0.0039,321.01,0.1,ml
202,16.7,0.131,0.0237,190.38,-0.9,ml
203,7.844,0.08468,0.06,139.0,0.85,md
204,14.3,0.092,0.0126,122.01,-0.7,ml
205,15.3,0.091,0.0458,121.42,-1.0,ml
206,14.8,0.092,0.0451,121.28,0.0,ml
207,14.7,0.092,0.0987,127.05,1.2,ml
208,15.9,0.089,0.0271,123.83,-0.4,ml
209,7.3,0.027,0.0987,84.6,0.4,ml
210,0.372,0.1631,0.06,192.0,0.82,md
211,10.2,0.105,0.0615,89.63,-0.1,ml
212,13.0,0.036,0.0001,175.82,-0.7,ml
213,17.0,0.132,0.0659,309.37,-0.4,ml
214,3.968,0.07207,0.06,102.0,1.49,md
215,15.2,0.099,0.001,128.84,-0.9,ml
216,15.5,0.084,0.0943,136.64,1.2,ml
217,11.7,0.091,0.0001,302.56,-0.4,ml
218,10.8,0.136,0.065,146.92,0.1,ml
219,15.7,0.083,0.1143,144.13,0.2,ml
220,14.7,0.089,0.0079,131.99,-0.8,ml
221,15.4,0.089,0.0657,134.94,-0.2,ml
222,15.2,0.09,0.0128,108.43,0.6,ml
223,11.8,0.089,0.0551,302.2,-0.1,ml
224,6.8,0.251,0.0463,237.79,0.4,ml
225,15.2,0.111,0.0385,114.65,-0.3,ml
226,14.4,0.089,0.0169,128.83,0.1,ml
227,13.0,0.105,0.0299,129.51,-1.0,ml
228,15.8,0.115,0.0209,126.19,-1.0,ml
229,11.0,0.097,0.0239,303.71,-0.5,ml
230,7.6,0.072,0.046,250.32,0.4,ml
231,7.4,0.071,0.1091,249.88,0.9,ml
232,-0.745,0.1054,0.05,184.0,0.81,md
233,5.1,0.248,0.0543,206.71,0.6,ml
234,13.1,0.092,0.0269,127.88,-0.5,ml
235,0.0,0.247,0.0352,233.16,0.1,ml
236,10.9,0.245,0.0153,234.14,0.1,ml
237,5.218,0.3045,0.05,274.0,1.75,md
238,12.1,0.246,0.0383,235.18,-0.1,ml
239,12.9,0.196,0.1332,197.65,0.7,ml
240,14.2,0.084,0.0089,132.82,-0.7,ml
241,5.536,0.1189,0.06,130.0,1.55,md
242,14.0,0.104,0.1389,127.88,-0.1,ml
243,14.4,0.537,0.1537,310.36,0.7,ml
244,5.13,0.08829,0.09,127.0,2.1,md
245,2.433,0.04414,0.06,127.0,1.33,md
246,13.9,0.242,0.1244,230.41,0.4,ml
247,13.13,0.1189,0.03,172.0,0.86,md
248,-0.021,0.03694,0.18,101.0,1.41,md
249,13.8,0.101,0.0081,136.08,-0.4,ml
250,10.2,0.247,0.0274,236.24,-0.2,ml
251,13.8,0.246,0.1218,230.51,0.2,ml
252,13.4,0.111,0.0604,134.06,-0.3,ml
253,12.8,0.121,0.0922,307.69,-0.3,ml
254,13.8,0.193,0.1035,277.37,0.1,ml
255,-1.93,0.04414,0.16,111.0,1.01,md
256,5.435,0.04865,0.11,95.0,0.85,md
257,9.885,0.03514,0.03,146.0,0.47,md
258,8.365,0.04955,0.03,140.0,0.52,md
259,14.8,0.069,0.0186,132.88,-0.7,ml
260,6.1,0.1892,0.05,177.0,0.72,md
261,3.5,0.028,0.0047,166.13,-1.0,ml
262,12.0,0.05,0.1571,106.68,0.1,ml
263,5.9,0.093,0.0421,301.9,-0.5,ml
264,11.3,0.29,0.0888,264.66,1.0,ml
265,5.06,0.07387,0.16,113.0,1.41,md
266,14.6,0.156,0.011,235.21,-0.4,ml
267,8.2,0.107,0.0938,90.12,0.6,ml
268,-0.42,0.05766,0.1,114.0,2.12,md
269,2.795,0.005405,0.02,120.0,1.17,md
270,6.195,0.09189,0.04,129.0,1.16,md
271,11.9,0.124,0.1049,308.02,-0.1,ml
272,11.9,0.177,0.0747,164.24,0.6,ml
273,14.8,0.095,0.0474,128.54,-0.3,ml
274,15.2,0.093,0.0503,131.87,-0.3,ml
275,15.0,0.094,0.0409,131.88,-0.1,ml
276,12.3,0.17,0.1324,314.37,-0.3,ml
277,11.6,0.093,0.0003,300.42,-0.4,ml
278,13.3,0.141,0.1135,269.84,0.3,ml
279,13.1,0.145,0.0001,311.12,-0.4,ml
280,5.92,0.1225,0.07,130.0,1.79,md
281,11.912,0.1622,0.06,158.0,1.4,md
282,6.556,0.3,0.06,115.0,1.63,md
283,-1.932,0.0964,0.46,219.0,0.84,md
284,12.0,0.144,0.0002,311.13,-0.3,ml
285,13.8,0.134,0.0008,309.64,-0.2,ml
286,17.765,0.02342,0.18,164.0,0.51,md
287,-2.014,0.1225,0.04,110.0,1.42,md
288,3.6,0.148,0.1216,311.66,-0.3,ml
289,13.8,0.092,0.0006,139.58,-0.7,ml
290,2.146,0.1423,0.08,126.0,0.55,md
