,Depth,Distance to Epicenter,Root Mean Square,Azimuthal Gap,Magnitude,Waveform
0,6.562,0.02162,0.06,81,0.67,md
1,9.205,0.05856,0.05,94,1.94,md
2,11.421,0.08018,0.04,161,0.95,md
3,12.242,0.05946,0.08,165,1.39,md
4,12.789,0.07568,0.04,180,1.16,md
5,10.812,0.03604,0.04,155,1.22,md
6,9.521,0.001802,0.06,45,1.41,md
7,4.341,0.03784,0.05,61,0.75,md
8,2.741,0.01532,0.02,220,0.72,md
9,5.916,0.01081,0.03,98,0.68,md
10,5.88,0.00991,0.06,59,0.69,md
11,5.628,0.006306,0.08,22,2.0,md
12,1.851,0.04685,0.04,294,0.22,md
13,8.438,0.03514,0.06,122,0.89,md
14,-0.027,0.02342,0.19,78,1.82,md
15,10.736,0.04144,0.05,67,1.02,md
16,9.526,0.03423,0.05,53,0.8,md
17,7.936,0.00991,0.08,60,0.68,md
18,7.372,0.04865,0.04,156,1.36,md
19,6.853,0.02072,0.01,167,0.64,md
20,7.995,0.04234,0.09,151,0.74,md
21,6.915,0.01081,0.08,110,0.43,md
22,7.493,0.01171,0.1,136,0.89,md
23,8.775,0.03243,0.2,58,2.26,md
24,6.133,0.02613,0.09,108,1.05,md
25,12.138,0.04144,0.09,154,0.9,md
26,5.021,0.02793,0.04,56,0.97,md
27,8.157,0.01712,0.18,28,2.76,md
28,5.513,0.00991,0.12,84,0.9,md
29,7.395,0.05946,0.05,93,1.88,md
30,7.028,0.03604,0.05,195,0.62,md
31,6.855,0.02252,0.18,27,1.99,md
32,9.115,0.09099,0.04,103,1.3,md
33,8.194,0.08018,0.09,82,0.73,md
