,Depth,Distance to Epicenter,Root Mean Square,Azimuthal Gap,Magnitude,Waveform
0,2.747,0.2559,0.15,156,1.17,md
1,17.122,0.2505,0.12,154,1.65,md
2,17.937,0.2505,0.1,154,2.13,md
3,5.518,0.1865,0.4,110,1.12,md
4,4.417,0.2577,0.09,140,1.22,md
5,10.158,0.2369,0.1,147,1.28,md
6,20.872,0.1414,0.25,83,2.23,md
7,10.131,0.1748,0.15,60,1.1,md
8,6.803,0.2171,0.08,182,1.03,md
9,9.682,0.2288,0.04,191,1.28,md
10,7.552,0.236,0.07,142,1.23,md
11,1.369,0.2946,0.06,148,1.13,md
12,5.032,0.2586,0.11,148,1.0,md
13,7.011,0.1739,0.11,107,1.11,md
14,22.104,0.3198,0.14,75,2.0,md
15,5.382,0.2324,0.14,137,1.28,md
16,9.469,0.2423,0.05,136,1.13,md
17,5.049,0.236,0.15,139,1.26,md
18,6.159,0.2324,0.14,140,1.12,md
19,31.261,0.1559,0.05,95,1.82,md
20,17.944,0.07477,0.16,149,1.66,md
21,10.004,0.2063,0.03,331,0.9,md
22,5.869,0.2441,0.16,135,1.06,md
23,5.344,0.1694,0.14,107,1.1,md
24,4.537,0.2198,0.15,137,0.92,md
25,8.567,0.2252,0.05,137,1.07,md
26,3.537,0.2261,0.21,138,0.88,md
27,7.677,0.2216,0.2,137,0.87,md
28,5.425,0.2595,0.39,75,1.03,md
29,5.316,0.1667,0.25,106,1.54,md
30,4.815,0.2468,0.3,140,1.04,md
31,3.762,0.2423,0.12,174,1.61,md
32,13.391,0.2342,0.09,120,1.3,md
33,6.455,0.2541,0.27,144,1.07,md
34,3.965,0.2468,0.27,138,1.33,md
35,24.221,0.1703,0.08,105,1.84,md
36,6.555,0.2234,0.14,137,0.82,md
37,5.35,0.2261,0.16,138,0.9,md
38,26.661,0.2108,0.04,115,1.61,md
39,23.654,0.264,0.07,202,1.71,md
40,11.032,0.1874,0.02,331,0.9,md
41,11.602,0.191,0.05,312,1.27,md
42,10.033,0.2216,0.06,255,1.35,md
43,12.592,0.2162,0.06,143,1.32,md
44,7.849,0.2234,0.14,137,1.13,md
45,5.649,0.2189,0.14,137,1.14,md
46,6.979,0.2054,0.08,183,1.15,md
