,Depth,Distance to Epicenter,Root Mean Square,Azimuthal Gap,Magnitude,Waveform
0,3.307,0.04505,0.07,56,1.06,md
1,4.571,0.03423,0.11,56,0.69,md
2,9.022,0.03243,0.07,72,1.23,md
3,2.404,0.05856,0.05,197,0.47,md
4,3.249,0.05405,0.09,187,0.65,md
5,9.138,0.09369,0.07,192,2.04,md
6,12.878,0.255,0.17,219,2.13,md
7,8.858,0.07568,0.21,185,1.78,md
8,9.458,0.08559,0.08,190,1.97,md
9,9.324,0.1126,0.14,192,4.06,mw
10,4.646,0.1018,0.09,61,0.9,md
11,8.242,0.03874,0.05,80,0.82,md
12,9.692,0.09279,0.06,135,1.56,md
13,5.574,0.04414,0.04,79,0.66,md
14,6.421,0.03604,0.08,82,1.81,md
15,7.454,0.03243,0.06,58,0.43,md
16,2.956,0.1351,0.14,210,1.04,md
17,6.961,0.05586,0.06,98,0.7,md
18,10.43,0.04505,0.07,166,1.26,md
19,6.069,0.008108,0.14,130,0.8,md
20,8.249,0.008108,0.04,125,0.69,md
21,3.136,0.1477,0.08,213,1.05,md
22,6.862,0.04775,0.09,66,0.82,md
23,5.904,0.03333,0.09,52,0.64,md
24,9.111,0.01622,0.06,55,1.42,md
25,8.841,0.01081,0.08,78,0.91,md
26,4.282,0.1649,0.09,199,2.82,md
27,3.506,0.1333,0.15,210,1.07,md
28,3.196,0.1432,0.11,196,2.16,md
29,4.326,0.1631,0.09,190,2.89,md
30,9.279,0.03874,0.06,113,0.85,md
31,2.559,0.01802,0.07,96,1.76,md
32,3.634,0.02703,0.04,247,0.48,md
33,7.475,0.03784,0.05,80,0.5,md
34,10.784,0.01802,0.06,65,0.34,md
35,11.503,0.005405,0.07,35,1.79,md
36,7.255,0.03243,0.05,219,0.73,md
37,6.615,0.01982,0.08,76,0.74,md
38,2.336,0.136,0.14,211,1.1,md
39,3.466,0.1216,0.15,207,1.11,md
40,3.134,0.01712,0.04,72,0.73,md
41,4.694,0.02613,0.09,71,0.45,md
42,7.429,0.01351,0.09,28,1.9,md
43,7.319,0.01441,0.13,30,2.62,md
44,4.554,0.06847,0.07,134,1.25,md
45,2.986,0.1306,0.16,205,1.28,md
46,6.409,0.03423,0.06,195,0.99,md
47,9.588,0.08559,0.06,191,1.55,md
48,11.119,0.02162,0.05,69,0.33,md
49,11.104,0.02883,0.08,63,0.37,md
50,6.639,0.03874,0.05,86,0.83,md
51,6.593,0.03874,0.06,65,1.02,md
52,6.666,0.01261,0.2,73,0.57,md
53,5.226,0.155,0.1,241,1.01,md
54,1.094,0.0973,0.09,139,0.84,md
55,8.157,0.02703,0.06,133,0.69,md
56,4.919,0.04595,0.06,54,1.06,md
57,4.0,0.01081,0.04,50,1.47,md
58,3.89,0.01351,0.08,48,0.88,md
59,7.556,0.04144,0.07,29,1.93,md
60,6.134,0.02703,0.08,76,0.68,md
61,4.765,0.07568,0.08,38,1.71,md
62,5.465,0.07207,0.06,72,1.23,md
63,9.99,0.03694,0.07,163,1.06,md
64,4.04,0.008108,0.05,38,1.86,md
65,4.05,0.009009,0.05,51,1.84,md
66,4.313,0.07297,0.09,133,0.77,md
67,3.893,0.07477,0.09,148,0.58,md
68,9.597,0.4189,0.11,251,2.37,md
69,9.08,0.4288,0.15,277,2.07,md
70,6.37,0.07207,0.09,58,0.68,md
71,4.956,0.03423,0.08,95,1.57,md
72,2.562,0.1495,0.1,87,1.92,md
73,4.647,0.08559,0.08,39,0.9,md
74,8.832,0.05766,0.21,45,0.67,md
75,6.394,0.04595,0.07,162,1.28,md
76,2.12,0.04955,0.09,72,0.83,md
77,1.906,0.1252,0.13,231,0.98,md
78,5.376,0.004505,0.06,79,0.49,md
79,7.72,0.00991,0.06,120,0.86,md
80,6.358,0.04505,0.21,51,1.91,md
81,2.196,0.01622,0.06,123,0.81,md
82,6.744,0.02973,0.06,50,1.23,md
83,8.254,0.1126,0.08,223,1.61,md
84,7.282,0.005405,0.09,137,1.05,md
85,10.164,0.0955,0.13,182,2.46,md
86,7.239,0.06036,0.09,50,0.84,md
87,5.943,0.01802,0.11,175,0.83,md
88,7.757,0.01712,0.17,178,0.68,md
89,0.508,0.04234,0.1,176,0.89,md
90,5.923,0.02342,0.08,179,0.66,md
91,5.143,0.02252,0.12,129,0.87,md
92,6.673,0.04144,0.19,34,2.01,md
93,8.197,0.005405,0.15,150,0.55,md
94,9.204,0.1009,0.09,204,1.9,md
95,11.453,0.005405,0.07,35,2.15,md
96,8.977,0.1072,0.13,191,3.16,ml
97,5.421,0.02703,0.05,65,0.73,md
98,5.196,0.01261,0.07,70,1.17,md
99,8.218,0.02432,0.07,119,0.99,md
100,4.032,0.1586,0.07,172,1.95,md
101,2.494,0.01802,0.06,153,0.92,md
102,4.686,0.1441,0.09,237,0.89,md
103,5.264,0.005405,0.1,49,2.23,md
104,5.6,0.04595,0.07,74,0.92,md
105,5.146,0.01712,0.26,57,1.15,md
106,4.722,0.06396,0.1,44,0.87,md
107,7.912,0.05315,0.08,77,0.69,md
108,5.136,0.01982,0.2,56,0.69,md
109,1.706,0.1198,0.13,208,1.01,md
110,5.156,0.01081,0.1,56,0.74,md
111,6.02,0.03243,0.08,88,1.78,md
112,2.646,0.1495,0.15,203,1.52,md
113,2.276,0.136,0.15,219,1.01,md
114,6.067,0.01441,0.06,120,0.96,md
115,3.866,0.1216,0.14,203,0.95,md
116,7.409,0.01802,0.08,52,1.44,md
117,2.916,0.1405,0.06,206,1.84,md
118,4.066,0.1595,0.12,194,2.36,md
119,3.12,0.01802,0.06,91,0.68,md
120,6.448,0.006306,0.09,91,0.91,md
121,3.506,0.1243,0.14,208,1.02,md
122,9.661,0.01622,0.07,42,3.2,mw
123,2.374,0.02703,0.06,139,1.1,md
124,8.3,0.02523,0.02,66,0.87,md
125,2.046,0.1532,0.16,212,1.57,md
126,7.85,0.07748,0.07,43,2.16,md
127,9.495,0.01171,0.08,74,1.14,md
128,4.458,0.02342,0.05,27,2.0,md
129,1.806,0.1333,0.14,200,1.5,md
130,3.446,0.1495,0.11,208,2.14,md
131,2.256,0.1261,0.15,231,1.02,md
132,3.046,0.1468,0.11,190,2.13,md
133,7.565,0.02072,0.07,74,1.07,md
134,9.611,0.01351,0.07,74,1.16,md
135,9.553,0.01622,0.07,37,2.63,md
136,1.76,0.1327,0.14,204,1.67,md
137,7.115,0.05586,0.06,56,0.83,md
138,5.44,0.007207,0.08,99,1.03,md
139,2.939,0.004505,0.05,44,1.13,md
140,3.586,0.1432,0.09,191,1.88,md
141,3.796,0.01351,0.11,60,0.43,md
142,1.6,0.1333,0.14,193,1.88,md
143,6.086,0.01982,0.06,117,0.42,md
144,3.936,0.1171,0.14,185,1.18,md
145,2.986,0.1315,0.08,210,1.28,md
146,2.616,0.109,0.18,226,2.01,md
147,2.106,0.1351,0.15,187,2.3,md
148,7.06,0.06216,0.06,129,1.54,md
149,3.656,0.1423,0.1,204,2.4,md
150,11.844,0.005405,0.06,116,0.88,md
151,3.426,0.1432,0.1,192,2.82,md
152,8.338,0.08649,0.07,228,0.78,md
153,2.756,0.1207,0.14,192,1.23,md
154,3.196,0.1405,0.07,211,1.59,md
155,11.478,0.003604,0.07,124,0.96,md
156,3.116,0.1477,0.1,195,2.5,md
157,6.1,0.02523,0.02,136,0.75,md
158,3.326,0.1432,0.09,205,1.62,md
159,3.606,0.02613,0.04,246,0.26,md
160,5.374,0.02793,0.06,63,1.71,md
161,6.164,0.03063,0.04,89,0.43,md
162,8.488,0.06937,0.08,83,0.68,md
163,10.803,0.003604,0.08,35,2.23,md
164,3.536,0.1477,0.1,198,3.05,ml
165,3.516,0.1099,0.16,232,0.89,md
166,4.266,0.1694,0.08,197,2.23,md
167,2.876,0.1261,0.17,215,1.01,md
168,4.852,0.09009,0.11,71,1.22,md
169,6.96,0.08468,0.03,66,0.77,md
170,2.688,0.02973,0.03,60,0.57,md
171,6.706,0.09279,0.04,172,0.81,md
172,2.276,0.1324,0.14,209,1.32,md
173,9.861,0.02162,0.07,185,1.44,md
174,11.085,0.002703,0.07,161,0.57,md
175,3.98,0.02342,0.06,66,0.5,md
176,3.9,0.01982,0.04,67,1.6,md
177,6.348,0.08018,0.08,188,1.54,md
178,3.55,0.1144,0.11,72,0.81,md
179,8.156,0.04324,0.08,30,2.96,ml
180,3.556,0.1432,0.07,197,2.35,md
181,2.786,0.1216,0.14,185,1.41,md
182,2.256,0.1279,0.15,191,2.03,md
183,4.316,0.1505,0.1,198,2.06,md
184,2.676,0.1396,0.16,213,1.27,md
185,5.106,0.01351,0.07,86,0.65,md
186,2.766,0.1315,0.16,200,1.46,md
187,2.046,0.1288,0.14,202,1.58,md
188,8.12,0.03063,0.07,79,0.7,md
189,1.736,0.1297,0.15,217,1.09,md
190,1.736,0.1342,0.15,188,1.62,md
191,1.292,0.03243,0.22,71,1.53,md
192,4.946,0.155,0.1,194,2.13,md
193,3.196,0.1387,0.06,189,1.78,md
194,3.756,0.1486,0.07,198,1.53,md
195,2.286,0.1324,0.16,203,1.54,md
196,4.216,0.1468,0.11,197,1.77,md
197,3.056,0.1252,0.14,209,1.05,md
198,3.266,0.1649,0.06,214,1.56,md
199,1.746,0.1405,0.14,206,1.49,md
200,1.616,0.1252,0.14,201,1.32,md
201,7.59,0.03514,0.04,56,1.45,md
202,1.736,0.1252,0.16,227,0.96,md
203,11.779,0.01892,0.15,60,1.06,md
204,5.28,0.1198,0.05,196,2.15,md
205,8.47,0.02973,0.16,70,1.05,md
206,1.586,0.1315,0.14,195,1.55,md
207,-0.364,0.02523,0.02,123,0.91,md
208,1.016,0.1423,0.15,195,1.89,md
209,2.486,0.1324,0.17,242,1.03,md
210,3.216,0.136,0.14,188,1.72,md
211,2.116,0.1234,0.13,192,1.57,md
212,2.396,0.1342,0.15,187,2.03,md
213,3.736,0.1396,0.09,189,1.54,md
214,5.11,0.05405,0.07,69,1.15,md
215,3.682,0.01351,0.09,59,0.7,md
216,3.846,0.1243,0.15,201,1.43,md
217,2.598,0.1432,0.14,213,1.07,md
218,1.526,0.1324,0.15,214,1.1,md
219,3.106,0.127,0.15,193,1.29,md
220,2.256,0.1441,0.14,192,2.29,md
221,4.326,0.1532,0.1,194,2.05,md
222,2.776,0.1468,0.15,196,2.02,md
223,3.086,0.1306,0.14,199,1.58,md
224,2.466,0.1243,0.14,208,1.28,md
225,2.936,0.1405,0.1,193,2.81,md
226,2.927,0.1369,0.1,201,4.13,mw
227,2.549,0.003604,0.07,42,1.71,md
228,2.128,0.03243,0.07,75,0.46,md
229,6.647,0.01081,0.14,152,0.83,md
230,3.642,0.01802,0.09,34,1.57,md
231,6.838,0.04685,0.1,38,0.86,md
232,7.071,0.04595,0.08,67,0.85,md
233,3.42,0.01081,0.04,74,1.01,md
234,1.104,0.03784,0.07,141,1.18,md
235,6.054,0.02613,0.08,135,0.44,md
236,4.886,0.02613,0.24,61,0.64,md
237,8.729,0.02973,0.09,85,0.42,md
238,4.968,0.01171,0.04,107,0.21,md
239,8.452,0.04144,0.04,76,0.61,md
240,2.322,0.05225,0.09,79,1.21,md
241,7.89,0.04865,0.04,85,1.75,md
242,8.098,0.08288,0.05,136,1.58,md
243,4.22,0.03874,0.08,81,2.04,md
244,12.094,0.02162,0.12,60,0.85,md
245,11.324,0.01892,0.06,67,0.41,md
246,12.634,0.02432,0.11,71,0.41,md
247,3.379,0.004505,0.04,53,0.72,md
248,3.359,0.001802,0.06,38,1.98,md
249,2.884,0.01261,0.05,220,0.33,md
250,3.779,0.03964,0.08,98,0.89,md
251,4.22,0.01261,0.08,47,1.1,md
252,5.572,0.04144,0.05,48,2.11,md
253,7.487,0.05495,0.08,77,1.17,md
254,3.6,0.07748,0.07,55,0.95,md
255,1.95,0.02432,0.05,104,1.49,md
256,3.564,0.03784,0.05,107,1.47,md
257,6.146,0.02162,0.03,186,1.25,md
258,9.003,0.02342,0.1,72,0.63,md
259,2.701,0.01261,0.03,77,0.09,md
260,7.772,0.1838,0.18,218,1.73,md
261,7.645,0.02973,0.08,126,0.78,md
262,7.094,0.09279,0.12,189,1.57,md
263,2.284,0.04865,0.05,226,0.68,md
264,4.866,0.05766,0.07,51,0.83,md
265,3.944,0.03874,0.04,148,1.61,md
266,6.488,0.02162,0.08,79,1.92,md
267,7.38,0.1117,0.13,219,1.7,md
268,10.628,0.07297,0.06,153,1.66,md
269,5.132,0.03243,0.08,202,0.48,md
270,5.052,0.07748,0.05,49,0.96,md
271,1.446,0.1162,0.08,32,1.26,md
272,2.16,0.01261,0.04,71,0.32,md
273,6.405,0.04595,0.08,38,1.0,md
274,5.12,0.1009,0.06,89,1.41,md
275,4.226,0.02162,0.09,102,1.08,md
276,3.996,0.02342,0.06,152,0.71,md
277,2.639,0.007207,0.06,47,2.08,md
278,10.487,0.1207,0.08,120,1.39,md
279,5.138,0.04234,0.06,96,1.26,md
280,10.096,0.06937,0.09,57,0.99,md
281,7.494,0.07928,0.08,137,1.6,md
282,7.463,0.03964,0.08,43,2.27,md
283,10.051,0.01441,0.06,50,1.32,md
284,3.848,0.01622,0.06,149,0.39,md
285,6.045,0.01532,0.05,185,1.15,md
286,8.192,0.01441,0.1,51,0.67,md
287,4.48,0.02703,0.06,64,1.13,md
288,4.482,0.1396,0.08,130,1.37,md
289,9.452,0.02072,0.14,102,1.71,md
290,10.266,0.02523,0.09,80,2.99,md
291,3.968,0.04144,0.09,101,1.1,md
292,4.603,0.05405,0.06,111,1.25,md
293,6.118,0.02793,0.05,164,0.93,md
294,11.343,0.005405,0.07,89,1.2,md
295,2.296,0.1144,0.11,60,1.08,md
296,11.348,0.005405,0.07,45,1.09,md
297,6.263,0.05135,0.08,112,0.74,md
298,3.47,0.09369,0.1,49,1.04,md
299,4.101,0.02793,0.09,27,2.31,md
300,4.678,0.01982,0.08,129,0.55,md
301,8.526,0.04775,0.17,65,0.91,md
302,5.14,0.03333,0.07,71,0.63,md
303,11.468,0.005405,0.07,110,0.8,md
304,11.328,0.005405,0.06,35,1.77,md
305,5.769,0.07027,0.07,46,1.28,md
306,6.136,0.06396,0.11,54,0.93,md
307,2.354,0.02883,0.06,249,0.51,md
308,3.444,0.01892,0.07,72,0.77,md
309,4.86,0.03243,0.08,71,0.65,md
310,6.038,0.03964,0.06,135,1.82,md
311,5.288,0.03874,0.04,141,1.0,md
312,9.51,0.02252,0.08,71,0.65,md
313,4.986,0.03604,0.15,120,1.22,md
314,11.758,0.004505,0.06,62,1.27,md
315,3.306,0.03333,0.08,135,2.74,md
316,5.776,0.03063,0.21,40,1.12,md
317,11.021,0.06126,0.05,71,1.01,md
318,11.011,0.05766,0.05,92,0.72,md
319,11.071,0.06036,0.06,143,0.78,md
320,5.152,0.03153,0.06,95,1.69,md
321,4.023,0.1297,0.08,127,1.08,md
322,6.308,0.03964,0.06,82,1.08,md
323,7.086,0.006306,0.14,105,1.01,md
324,6.525,0.09459,0.08,61,0.65,md
325,4.434,0.02973,0.05,155,1.0,md
326,8.535,0.07568,0.15,65,0.73,md
327,6.986,0.04505,0.08,50,0.97,md
328,5.774,0.03604,0.14,61,0.69,md
329,5.3,0.01351,0.05,50,1.26,md
330,2.994,0.02613,0.09,180,0.49,md
331,7.306,0.006306,0.13,107,1.26,md
332,5.14,0.01441,0.07,72,1.06,md
333,4.538,0.01892,0.04,104,0.73,md
334,3.913,0.03604,0.08,29,2.71,md
335,7.136,0.1279,0.08,66,0.95,md
336,4.033,0.03694,0.08,42,1.27,md
337,5.452,0.03423,0.13,105,1.18,md
338,3.493,0.04865,0.06,62,1.1,md
339,7.132,0.009009,0.09,75,1.02,md
340,3.45,0.01261,0.04,58,0.27,md
341,4.762,0.02883,0.12,34,3.06,ml
342,3.693,0.03514,0.1,35,1.49,md
343,3.463,0.03784,0.08,40,0.96,md
344,3.933,0.03694,0.08,37,1.82,md
345,3.888,0.04414,0.08,56,0.91,md
346,2.708,0.04775,0.04,80,0.54,md
347,4.928,0.03964,0.06,61,0.91,md
348,3.773,0.04505,0.1,56,3.06,ml
349,3.758,0.04414,0.08,57,2.42,md
350,7.242,0.07928,0.07,59,0.77,md
351,7.92,0.01081,0.05,79,0.66,md
352,4.812,0.04955,0.03,181,1.26,md
353,3.073,0.006306,0.14,87,0.19,md
354,7.01,0.03333,0.04,101,1.2,md
355,7.162,0.006306,0.13,48,0.95,md
356,7.667,0.003604,0.14,109,1.68,md
357,5.629,0.01171,0.05,104,0.78,md
358,8.556,0.03784,0.07,70,0.8,md
359,5.103,0.01622,0.04,166,1.19,md
360,3.272,0.04955,0.07,82,0.79,md
361,1.052,0.05676,0.08,79,0.73,md
362,10.56,0.02432,0.16,105,0.59,md
363,8.564,0.01351,0.21,30,3.01,ml
364,6.684,0.03784,0.06,71,0.83,md
365,7.46,0.03694,0.15,200,2.12,md
366,10.64,0.1162,0.07,47,1.44,md
367,8.643,0.08649,0.06,53,1.18,md
368,5.034,0.02973,0.06,59,1.68,md
369,7.237,0.00991,0.14,111,1.01,md
370,10.163,0.04595,0.06,253,0.34,md
371,9.376,0.04324,0.15,68,1.59,md
372,3.901,0.03874,0.06,91,1.17,md
373,7.659,0.008108,0.07,92,0.83,md
374,6.508,0.01712,0.12,28,1.91,md
375,9.59,0.03874,0.06,64,0.88,md
376,5.505,0.03153,0.08,42,0.93,md
377,6.729,0.04505,0.06,95,1.16,md
378,6.499,0.04054,0.05,92,1.76,md
379,1.811,0.05315,0.08,77,1.18,md
380,2.283,0.03063,0.09,70,1.67,md
381,7.484,0.05856,0.06,179,0.97,md
382,2.853,0.00991,0.07,83,0.93,md
383,9.539,0.08649,0.06,41,1.74,md
384,3.953,0.02162,0.07,92,0.59,md
385,3.703,0.007207,0.08,39,1.47,md
386,7.211,0.06036,0.06,73,0.66,md
387,7.527,0.003604,0.15,108,1.05,md
388,4.707,0.03063,0.03,150,-0.1,md
389,7.527,0.02523,0.09,61,0.43,md
390,6.071,0.07117,0.06,256,0.87,md
391,3.833,0.03874,0.09,28,1.9,md
392,7.407,0.005405,0.09,110,1.12,md
393,7.089,0.01261,0.12,47,1.09,md
394,7.14,0.04324,0.05,133,1.65,md
395,4.29,0.05225,0.06,89,0.59,md
396,7.457,0.004505,0.08,109,0.64,md
397,7.262,0.00991,0.12,87,1.32,md
398,7.638,0.05405,0.06,125,0.6,md
399,2.51,0.08108,0.07,45,1.84,md
400,6.305,0.01892,0.23,41,1.06,md
401,4.83,0.04324,0.04,40,1.81,md
402,7.682,0.006306,0.14,104,0.89,md
403,6.912,0.004505,0.16,108,1.04,md
404,7.552,0.005405,0.14,143,1.07,md
405,8.262,0.005405,0.15,55,2.24,md
406,7.382,0.009009,0.07,109,0.7,md
407,7.332,0.006306,0.13,109,1.15,md
408,6.972,0.009009,0.06,106,0.68,md
409,7.932,0.006306,0.12,54,2.44,md
410,7.052,0.006306,0.09,146,1.72,md
411,7.622,0.007207,0.14,130,3.03,ml
412,6.188,0.03514,0.06,108,0.69,md
413,10.326,0.04414,0.12,41,2.19,md
414,9.973,0.02162,0.09,21,3.2,ml
415,3.163,0.03514,0.09,40,0.72,md
416,8.71,0.06126,0.07,58,1.71,md
417,6.306,0.04054,0.06,48,1.53,md
418,0.583,0.04505,0.06,280,0.45,md
419,5.22,0.02703,0.07,102,0.6,md
420,3.243,0.02523,0.09,228,0.41,md
421,7.102,0.08108,0.05,37,1.48,md
422,1.302,0.06937,0.07,35,1.47,md
423,6.279,0.03784,0.07,51,0.93,md
424,8.067,0.01081,0.09,152,0.3,md
425,8.068,0.07838,0.09,52,1.4,md
426,1.85,0.03604,0.1,41,0.82,md
427,2.789,0.002703,0.06,43,1.34,md
428,2.16,0.01441,0.07,95,1.94,md
429,5.983,0.04685,0.05,127,0.81,md
430,2.22,0.01622,0.07,96,1.75,md
431,8.906,0.07568,0.07,54,1.22,md
432,6.99,0.03243,0.07,118,0.83,md
433,6.2,0.03063,0.05,167,0.88,md
434,9.206,0.04234,0.16,67,1.3,md
435,10.05,0.01261,0.05,64,1.2,md
436,8.639,0.06306,0.1,241,1.68,md
437,6.705,0.09099,0.08,50,1.92,md
438,3.768,0.04595,0.07,57,0.69,md
439,3.864,0.01261,0.1,44,2.36,md
440,6.922,0.02793,0.12,82,1.48,md
441,8.253,0.06757,0.07,171,1.72,md
442,10.062,0.04414,0.02,76,0.83,md
443,8.022,0.04595,0.06,73,0.88,md
444,9.526,0.04595,0.13,26,2.6,md
445,7.106,0.1595,0.2,217,1.78,md
446,5.715,0.1045,0.07,59,0.81,md
447,3.396,0.07928,0.06,227,1.13,md
448,8.336,0.03964,0.08,65,0.96,md
449,6.821,0.06216,0.06,94,1.15,md
450,8.566,0.04685,0.11,71,1.1,md
451,9.206,0.04505,0.09,60,1.03,md
452,3.135,0.06757,0.05,67,0.51,md
453,9.026,0.04685,0.14,60,1.37,md
454,8.516,0.04595,0.1,69,0.7,md
455,9.116,0.04595,0.14,63,1.65,md
456,9.376,0.04595,0.11,65,1.66,md
457,9.626,0.04595,0.13,64,1.72,md
458,7.806,0.04685,0.13,66,0.95,md
459,7.816,0.04595,0.14,61,1.05,md
460,8.656,0.04775,0.15,58,1.08,md
461,8.676,0.04685,0.12,59,1.04,md
462,8.256,0.04865,0.11,59,1.16,md
463,10.626,0.04234,0.19,43,2.92,ml
464,7.866,0.04865,0.11,63,0.93,md
465,8.986,0.04505,0.1,70,0.73,md
466,9.596,0.04775,0.13,71,0.77,md
467,9.006,0.04775,0.1,69,0.81,md
468,8.688,0.03514,0.07,108,0.31,md
469,2.879,0.01351,0.05,98,0.48,md
470,9.196,0.04505,0.15,62,1.2,md
471,7.686,0.04505,0.16,74,1.26,md
472,10.056,0.04505,0.15,66,1.71,md
473,2.829,0.01261,0.05,57,0.83,md
474,8.946,0.04595,0.12,62,1.54,md
475,10.276,0.04505,0.18,30,2.95,ml
476,7.698,0.01712,0.26,53,0.46,md
477,8.15,0.07568,0.08,44,0.98,md
478,9.416,0.04324,0.09,74,0.77,md
479,8.536,0.04685,0.18,63,1.03,md
480,9.546,0.04414,0.14,53,2.0,md
481,0.44,0.05495,0.09,75,0.65,md
482,0.396,0.05676,0.14,68,0.82,md
483,6.096,0.05856,0.07,38,0.93,md
484,5.615,0.06757,0.09,92,0.11,md
485,7.721,0.07748,0.03,118,0.9,md
486,5.456,0.05946,0.09,64,1.12,md
487,7.566,0.05586,0.06,69,1.04,md
488,3.299,0.05045,0.09,35,1.43,md
489,8.66,0.06306,0.07,60,0.99,md
490,5.28,0.08288,0.06,31,1.77,md
491,0.863,0.05856,0.06,137,0.69,md
492,5.386,0.06306,0.08,45,0.88,md
493,6.356,0.05946,0.08,63,0.64,md
494,7.567,0.05495,0.07,36,1.79,md
495,2.763,0.05946,0.05,286,0.46,md
496,2.295,0.06486,0.08,90,0.11,md
497,5.558,0.03243,0.08,58,0.84,md
498,6.17,0.08468,0.06,42,2.34,md
499,11.237,0.06036,0.12,163,1.54,md
500,6.2,0.02342,0.08,72,1.14,md
501,4.84,0.03784,0.05,40,2.14,md
502,7.101,0.04955,0.06,116,0.63,md
503,2.103,0.09369,0.07,151,0.94,md
504,7.906,0.04144,0.06,55,0.65,md
505,1.914,0.03694,0.09,141,0.39,md
506,8.33,0.07658,0.08,46,1.21,md
507,5.731,0.01532,0.05,65,0.81,md
508,2.999,0.008108,0.03,77,0.21,md
509,6.022,0.1216,0.06,128,1.34,md
510,9.856,0.04234,0.14,78,0.82,md
511,9.656,0.04775,0.13,62,1.38,md
512,12.533,0.01892,0.08,166,2.11,md
513,4.539,0.01351,0.08,67,0.43,md
514,3.76,0.08559,0.07,41,0.9,md
515,6.092,0.03514,0.06,94,0.62,md
516,5.323,0.03784,0.1,71,0.68,md
517,4.259,0.03964,0.07,244,0.75,md
518,3.223,0.04955,0.1,51,1.53,md
519,3.953,0.03514,0.07,44,1.65,md
520,8.274,0.05315,0.05,74,0.67,md
521,11.315,0.05856,0.09,54,1.22,md
522,8.232,0.04595,0.07,80,1.71,md
523,6.032,0.07207,0.03,161,0.38,md
524,14.642,0.1342,0.05,191,1.4,md
525,4.276,0.04955,0.24,46,0.68,md
526,2.942,0.03153,0.07,108,1.1,md
527,3.21,0.02252,0.07,67,0.62,md
528,8.432,0.03604,0.05,131,0.89,md
529,8.272,0.03514,0.08,61,2.29,md
530,8.546,0.05586,0.09,61,0.66,md
531,5.003,0.03423,0.08,35,1.03,md
532,1.232,0.07027,0.12,190,0.76,md
533,-0.738,0.03333,0.06,132,0.37,md
534,3.744,0.05586,0.11,147,0.66,md
535,2.772,0.02523,0.09,76,1.26,md
