,Depth,Distance to Epicenter,Root Mean Square,Azimuthal Gap,Magnitude,Waveform
0,0.722,0.01171,0.05,55,1.19,md
1,0.652,0.01171,0.04,73,0.62,md
2,1.012,0.009009,0.04,161,0.47,md
3,1.324,0.01532,0.03,74,1.16,md
4,2.342,0.01441,0.02,112,0.95,md
5,1.847,0.008108,0.03,149,0.68,md
6,1.543,0.01622,0.04,179,1.95,md
7,1.112,0.004505,0.08,41,1.65,md
8,4.082,0.007207,0.03,250,1.19,md
9,1.422,0.006306,0.06,63,0.74,md
10,1.294,0.01441,0.04,57,0.43,md
11,3.632,0.02162,0.05,272,0.3,md
12,1.522,0.00991,0.03,142,0.67,md
13,1.957,0.007207,0.02,143,0.46,md
14,2.733,0.008108,0.01,132,0.8,md
15,3.624,0.01171,0.01,104,0.32,md
16,0.283,0.00991,0.08,153,0.23,md
17,3.382,0.03604,0.07,273,0.97,md
18,1.852,0.003604,0.03,210,1.66,md
19,2.614,0.00991,0.02,242,0.77,md
20,6.941,0.02523,0.07,145,0.47,md
21,2.114,0.01351,0.03,63,0.47,md
22,2.834,0.00991,0.03,181,1.81,md
23,1.662,0.01532,0.03,156,0.54,md
24,1.384,0.01712,0.05,41,0.48,md
25,2.771,0.02162,0.01,228,0.37,md
26,3.768,0.00991,0.01,279,0.24,md
27,1.062,0.01081,0.03,99,0.62,md
28,2.672,0.006306,0.02,250,0.19,md
29,0.702,0.006306,0.02,142,1.17,md
30,1.032,0.0009009,0.04,139,1.84,md
31,3.882,0.01622,0.05,281,0.96,md
32,1.192,0.008108,0.07,43,0.53,md
33,3.044,0.01441,0.01,115,0.41,md
34,2.366,0.01802,0.01,109,2.01,md
35,1.922,0.004505,0.02,175,0.47,md
36,9.151,0.005405,0.07,92,0.64,md
37,5.249,0.01351,0.03,239,0.78,md
38,1.292,0.00991,0.03,149,0.8,md
39,1.414,0.01622,0.02,108,0.74,md
40,3.99,0.03183,0.06,109,1.21,md
41,4.393,0.006306,0.03,289,1.48,md
42,5.548,0.02703,0.06,60,1.01,md
43,13.354,0.02072,0.09,112,-0.18,md
44,1.812,0.006306,0.03,184,1.15,md
45,1.242,0.006306,0.02,109,0.77,md
46,0.812,0.00991,0.05,72,0.96,md
47,2.084,0.01622,0.05,61,0.44,md
48,3.729,0.01802,0.02,149,1.16,md
49,2.362,0.008108,0.08,138,0.55,md
50,-0.766,0.01712,0.16,247,1.74,md
51,4.002,0.01261,0.01,275,1.12,md
52,1.704,0.01532,0.04,41,2.55,md
53,2.359,0.008108,0.04,93,1.23,md
54,1.764,0.01441,0.05,35,0.97,md
55,7.295,0.03514,0.05,87,1.39,md
56,8.944,0.02162,0.17,75,0.4,md
57,6.281,0.03694,0.03,136,0.24,md
58,-0.771,0.02703,0.39,216,1.2,md
59,6.982,0.02072,0.09,73,1.06,md
60,1.342,0.006306,0.01,99,0.7,md
61,1.552,0.003604,0.03,117,1.01,md
62,4.052,0.06216,0.05,82,0.47,md
63,2.592,0.09099,0.17,60,0.96,md
64,2.132,0.005405,0.06,87,0.8,md
65,1.226,0.01351,0.04,159,0.85,md
66,1.064,0.01532,0.03,108,0.14,md
67,1.734,0.01622,0.03,104,1.13,md
68,-0.836,0.01351,0.05,55,0.74,md
69,0.848,0.02162,0.04,146,1.07,md
70,0.926,0.01532,0.03,56,1.12,md
71,1.62,0.01627,0.04,56,1.4,md
72,1.252,0.01441,0.02,96,2.21,md
73,1.774,0.01532,0.05,88,1.17,md
74,1.094,0.01622,0.06,52,0.48,md
75,1.114,0.01532,0.06,56,1.08,md
76,1.124,0.01532,0.08,26,0.87,md
77,7.144,0.02072,0.11,102,0.46,md
78,3.754,0.01171,0.01,268,0.74,md
79,1.57,0.01719,0.07,49,0.53,md
80,1.894,0.01532,0.04,68,1.09,md
81,4.692,0.001802,0.04,147,0.49,md
82,1.156,0.01712,0.02,104,0.96,md
83,1.222,0.01532,0.03,149,1.14,md
84,0.724,0.01622,0.06,49,1.99,md
85,1.35,0.01592,0.05,52,0.47,md
86,1.854,0.01532,0.03,119,1.16,md
87,1.51,0.0174,0.05,50,1.18,md
88,7.604,0.1036,0.21,54,1.53,md
89,4.144,0.01532,0.01,102,0.47,md
90,1.224,0.01532,0.06,43,0.97,md
91,6.212,0.06216,0.11,61,0.47,md
92,5.596,0.06396,0.05,87,0.55,md
93,2.634,0.01622,0.02,107,0.49,md
94,3.544,0.01081,0.01,243,1.29,md
95,1.494,0.01261,0.04,71,-0.01,md
96,1.044,0.01622,0.03,97,0.65,md
97,3.732,0.01532,0.01,306,1.2,md
98,1.582,0.007207,0.05,56,0.78,md
99,1.682,0.01081,0.05,131,0.48,md
100,2.685,0.01081,0.02,176,0.96,md
101,5.992,0.06126,0.12,64,0.4,md
102,3.104,0.01351,0.02,168,1.14,md
103,4.144,0.01171,0.01,212,0.73,md
104,0.854,0.01532,0.04,115,0.5,md
105,1.562,0.003604,0.02,130,0.55,md
106,1.172,0.00991,0.06,67,1.18,md
107,0.312,0.008108,0.01,90,0.97,md
108,1.142,0.00991,0.01,236,1.01,md
109,1.707,0.008108,0.03,117,2.27,md
110,0.954,0.007207,0.04,71,1.12,md
111,1.162,0.003604,0.03,179,1.86,md
112,1.272,0.004505,0.02,148,1.41,md
113,1.634,0.009009,0.06,35,0.72,md
114,1.12,0.006106,0.06,86,0.47,md
115,7.21,0.02883,0.08,41,0.73,md
116,11.188,0.08919,0.07,128,0.48,md
117,2.115,0.01171,0.01,267,0.43,md
118,3.195,0.01261,0.02,224,0.97,md
119,1.048,0.01441,0.05,85,0.48,md
120,3.621,0.004505,0.01,295,0.4,md
121,2.792,0.005405,0.04,197,0.71,md
122,3.832,0.002703,0.01,246,0.75,md
123,4.602,0.007207,0.06,200,0.97,md
124,1.914,0.01532,0.03,54,0.45,md
125,2.233,0.007207,0.03,285,1.01,md
126,0.463,0.01081,0.01,151,0.65,md
127,1.142,0.01351,0.03,129,1.02,md
128,4.25,0.07748,0.04,334,0.93,md
129,1.942,0.002703,0.06,90,0.96,md
130,2.464,0.01171,0.03,126,1.65,md
131,2.667,0.01622,0.02,155,0.9,md
132,1.316,0.01261,0.04,94,0.42,md
133,4.298,0.03063,0.02,111,0.66,md
134,4.162,0.003604,0.03,203,1.03,md
135,1.462,0.00991,0.03,91,0.97,md
136,1.02,0.00591,0.06,44,0.96,md
137,1.982,0.007207,0.04,138,1.13,md
138,1.502,0.004505,0.02,135,1.17,md
139,1.79,0.005312,0.06,170,0.78,md
140,1.152,0.006306,0.02,111,1.65,md
141,4.222,0.006306,0.02,142,0.41,md
142,0.162,0.01081,0.02,84,0.48,md
143,1.46,0.01122,0.06,58,0.47,md
144,1.385,0.01171,0.07,46,1.09,md
145,0.734,0.006306,0.05,160,0.59,md
146,0.47,0.005922,0.07,43,0.96,md
147,0.954,0.01532,0.03,73,0.97,md
148,4.112,0.01081,0.03,265,0.05,md
149,0.012,0.007207,0.01,125,0.98,md
150,1.09,0.01368,0.08,36,0.05,md
151,1.424,0.01532,0.04,88,1.92,md
152,1.402,0.01622,0.02,125,0.96,md
153,4.104,0.01171,0.01,218,1.03,md
154,1.02,0.002924,0.07,88,1.22,md
155,3.562,0.01351,0.01,279,-0.15,md
156,0.86,0.009241,0.04,70,0.61,md
157,1.41,0.01308,0.07,31,1.02,md
158,1.359,0.01712,0.03,174,1.37,md
159,1.102,0.009009,0.06,86,0.48,md
160,5.522,0.02883,0.05,67,0.48,md
161,1.62,0.004058,0.03,111,0.02,md
162,0.754,0.01171,0.07,69,1.21,md
163,7.824,0.03243,0.08,55,1.33,md
164,0.83,0.007276,0.06,86,0.68,md
165,4.162,0.005405,0.03,227,0.87,md
166,4.032,0.007207,0.05,240,0.47,md
167,2.012,0.007207,0.06,138,0.21,md
168,8.644,0.04054,0.05,49,1.31,md
169,4.945,0.03964,0.07,53,1.01,md
170,5.152,0.01982,0.05,119,0.54,md
171,4.832,0.006306,0.05,218,0.74,md
172,1.184,0.01351,0.02,138,0.24,md
173,1.052,0.002703,0.05,214,0.55,md
174,1.03,0.0165,0.08,40,0.57,md
175,0.604,0.009009,0.03,75,0.43,md
176,2.354,0.01171,0.03,90,1.95,md
177,2.253,0.01261,0.03,168,0.15,md
178,1.31,0.002027,0.02,89,0.73,md
179,2.024,0.01441,0.06,151,0.46,md
180,15.48,0.02388,0.07,292,0.73,md
181,1.442,0.005405,0.04,119,0.98,md
182,6.505,0.03604,0.15,58,1.19,md
183,2.21,0.005392,0.03,167,0.14,md
184,1.059,0.007207,0.06,67,1.27,md
185,1.792,0.009009,0.04,77,0.83,md
186,1.524,0.01081,0.01,104,1.16,md
187,0.234,0.01441,0.03,88,0.23,md
188,0.964,0.01712,0.04,73,0.68,md
189,8.925,0.05135,0.06,68,1.12,md
190,0.902,0.01532,0.04,57,1.08,md
191,1.11,0.01468,0.07,41,1.07,md
192,1.052,0.01171,0.03,71,1.11,md
193,10.553,0.008108,0.03,285,0.41,md
194,0.992,0.01261,0.07,80,1.28,md
195,1.96,0.007939,0.06,54,0.48,md
196,2.102,0.005405,0.01,209,1.04,md
197,1.79,0.01534,0.06,51,0.98,md
198,1.29,0.01441,0.05,42,0.47,md
199,0.482,0.005405,0.01,223,0.93,md
200,2.12,0.01441,0.06,45,0.43,md
201,1.82,0.006306,0.04,73,1.85,md
