,Depth,Distance to Epicenter,Root Mean Square,Azimuthal Gap,Magnitude,Waveform
0,5.937,0.06515,0.11,159,1.13,ml
1,10.235,0.08009,0.1,65,0.91,ml
2,10.21,0.07481,0.11,115,1.16,ml
3,10.215,0.08115,0.16,65,0.86,ml
4,10.71,0.0789,0.14,50,1.04,ml
5,10.746,0.07033,0.18,15,2.46,ml
6,12.203,0.09493,0.13,196,1.52,ml
7,12.204,0.02655,0.17,97,2.05,ml
8,8.744,0.09147,0.17,77,1.27,ml
9,11.761,0.0268,0.14,103,2.16,ml
10,13.926,0.03213,0.17,104,2.04,ml
11,13.992,0.05286,0.12,85,1.05,ml
12,-0.375,0.05383,0.18,84,1.4,ml
13,6.049,0.01314,0.12,139,1.39,ml
14,9.947,0.06315,0.34,50,2.21,ml
15,6.573,0.06735,0.15,49,1.36,ml
16,14.942,0.05886,0.23,17,3.07,ml
17,11.623,0.04251,0.15,109,1.1,ml
18,2.328,0.01979,0.3,83,1.52,ml
19,8.254,0.06312,0.2,85,1.08,ml
20,11.413,0.02874,0.2,152,1.67,ml
21,4.033,0.02316,0.12,108,0.77,ml
22,8.263,0.04264,0.1,133,1.08,ml
23,3.306,0.02791,0.17,69,0.98,ml
24,-0.338,0.1208,0.12,125,0.83,ml
25,2.997,0.02601,0.16,68,1.24,ml
26,3.922,0.02302,0.16,109,0.92,ml
27,10.564,0.03019,0.33,102,1.17,ml
28,13.087,0.05842,0.25,50,2.01,ml
29,2.081,0.06344,0.09,92,0.66,ml
30,3.503,0.06184,0.14,50,0.81,ml
31,2.764,0.0624,0.14,118,1.18,ml
32,7.733,0.04606,0.16,96,1.24,ml
33,8.562,0.0408,0.15,62,1.08,ml
34,6.076,0.01521,0.22,130,1.06,ml
35,5.263,0.05317,0.22,41,1.62,ml
36,9.127,0.06861,0.16,123,1.65,ml
37,7.439,0.1194,0.16,115,1.44,ml
38,9.955,0.07323,0.24,19,3.63,ml
39,7.624,0.04936,0.17,71,1.65,ml
40,3.363,0.03616,0.14,70,1.43,ml
41,2.314,0.4145,0.11,238,1.26,ml
42,3.682,0.02903,0.14,44,1.77,ml
43,1.782,0.06077,0.17,39,1.93,ml
44,8.704,0.07387,0.16,28,1.91,ml
45,7.315,0.0004573,0.19,30,2.25,ml
46,10.321,0.2412,0.19,133,0.91,ml
47,11.834,0.07129,0.22,155,1.38,ml
48,9.014,0.05135,0.13,41,1.55,ml
49,12.499,0.3114,0.1,274,1.87,ml
50,8.135,0.02085,0.12,105,0.94,ml
51,16.519,0.1157,0.12,143,1.25,ml
52,6.109,0.2395,0.18,165,1.02,ml
53,3.207,0.06633,0.11,193,0.3,mh
54,6.804,0.1112,0.06,103,0.87,ml
55,2.402,0.01523,0.09,114,1.36,ml
