,Depth,Distance to Epicenter,Root Mean Square,Azimuthal Gap,Magnitude,Waveform
0,11.944,0.05856,0.03,136.0,1.51,md
1,3.718,0.07658,0.08,125.0,0.96,md
2,7.697,0.02432,0.05,116.0,2.01,md
3,0.476,0.01261,0.05,158.0,0.86,md
4,2.875,0.004505,0.05,143.0,0.55,md
5,9.1,0.109,0.1403,153.33,-0.8,ml
6,2.835,0.01802,0.07,127.0,0.31,md
7,2.425,0.01802,0.02,141.0,-0.09,md
8,3.846,0.03964,0.05,132.0,1.95,md
9,5.4593,0.161,0.1065,133.63,0.03,ml
10,4.215,0.1189,0.08,115.0,0.71,md
11,5.497,0.09459,0.12,303.0,0.99,md
12,2.715,0.02793,0.13,69.0,1.52,md
13,4.345,0.07838,0.09,165.0,0.9,md
14,4.665,0.07838,0.08,165.0,1.3,md
15,5.295,0.07838,0.1,165.0,0.86,md
16,5.955,0.06937,0.12,89.0,1.88,md
17,1.945,0.07477,0.1,97.0,1.86,md
18,3.115,0.02342,0.03,104.0,0.31,md
19,7.954,0.1973,0.1,117.0,1.66,md
20,-1.428,0.1387,0.09,131.0,2.22,md
21,2.97,0.0955,0.1,139.0,1.42,md
22,10.0,0.11,0.0526,157.45,-0.4,ml
23,8.927,0.1054,0.06,83.0,1.19,md
24,2.384,0.07297,0.13,149.0,1.49,md
25,0.0,0.083,0.1048,165.09,0.37,ml
26,2.406,0.06667,0.09,130.0,2.28,md
27,7.378,0.1775,0.08,83.0,2.04,md
28,2.735,0.007207,0.04,122.0,-0.11,md
29,3.557,0.01982,0.08,127.0,1.73,md
30,6.616,0.04414,0.18,112.0,1.25,md
31,1.1,0.015,0.0353,128.45,-0.6,ml
32,0.243,0.00991,0.07,126.0,1.08,md
33,8.953,0.3577,0.1,199.0,1.85,md
34,11.4,0.092,0.1406,134.56,-0.7,ml
35,9.3,0.004,0.14,109.87,0.2,ml
36,7.3,0.004,0.1503,109.08,0.1,ml
37,3.175,0.006306,0.05,101.0,1.1,md
38,5.6,0.139,0.1113,120.55,0.3,ml
39,12.908,0.07568,0.09,91.0,0.84,md
40,10.171,0.05315,0.05,69.0,2.37,md
41,8.6,0.009,0.1112,87.26,0.3,ml
42,0.0,0.207,0.0143,159.46,0.5,ml
43,0.0,0.206,0.0171,159.19,0.5,ml
44,11.5,0.15,0.1301,111.72,0.0,ml
45,12.3734,0.093,0.0903,166.65,0.85,ml
46,10.924,0.04144,0.11,108.0,0.91,md
47,15.996,0.2586,0.18,267.0,1.94,md
48,7.9,0.019,0.0602,146.78,-0.3,ml
49,11.5059,0.048,0.1062,233.39,0.33,ml
50,9.217,0.01982,0.06,91.0,1.69,md
51,7.798,0.1495,0.14,218.0,1.56,md
52,11.6,0.086,0.0003,140.58,-0.9,ml
53,-0.749,0.07207,0.09,109.0,1.73,md
54,11.4,0.08,0.0,200.62,-0.4,ml
55,9.1,0.006,0.0,204.26,-0.6,ml
56,9.562,0.1829,0.04,152.0,1.52,md
57,3.117,0.01532,0.08,122.0,2.03,md
58,10.3,0.19,0.1175,179.61,0.9,ml
59,1.947,0.01171,0.05,140.0,0.53,md
60,2.695,0.004505,0.05,117.0,1.15,md
61,1.566,0.1252,0.08,226.0,1.05,md
62,5.4,0.058,0.0422,138.11,-0.9,ml
63,11.1,0.043,0.1131,102.53,0.1,ml
64,13.826,0.2333,0.12,131.0,1.48,md
65,2.556,0.2414,0.08,166.0,1.47,md
66,5.482,0.08018,0.08,108.0,1.61,md
67,5.302,0.06577,0.09,130.0,1.47,md
68,10.3,0.107,0.1357,183.12,0.7,ml
69,8.202,0.1099,0.16,148.0,1.18,md
70,2.345,0.008108,0.06,115.0,0.24,md
71,5.854,0.07477,0.1,142.0,1.13,md
72,5.7,0.186,0.0946,144.39,0.4,ml
73,11.9,0.214,0.1154,167.18,0.3,ml
74,4.9,0.066,0.096,153.2,0.1,ml
75,12.7,0.085,0.0874,86.1,-0.1,ml
76,0.91,0.01892,0.01,169.0,-0.21,md
77,7.9,0.2,0.1103,236.6,0.1,ml
78,10.0,0.194,0.1399,160.22,1.0,ml
79,8.1,0.039,0.0062,166.39,-0.3,ml
80,12.919,0.1676,0.14,62.0,1.72,md
81,4.73,0.07748,0.13,104.0,1.77,md
82,13.3,0.242,0.0528,234.5,-0.2,ml
83,7.2,0.151,0.0337,163.06,-0.2,ml
84,0.91,0.08018,0.03,127.0,1.41,md
85,-1.704,0.255,0.11,134.0,1.75,md
86,4.51,0.07928,0.12,110.0,1.7,md
87,3.819,0.07568,0.08,103.0,1.53,md
88,16.126,0.3099,0.05,277.0,1.79,md
89,16.616,0.3153,0.06,282.0,1.78,md
90,-1.181,0.03784,0.2,53.0,1.53,md
91,4.292,0.1586,0.11,152.0,1.45,md
92,7.6,0.003,0.0533,129.41,-0.5,ml
93,14.2,0.094,0.1237,102.81,0.0,ml
94,8.5,0.01,0.0909,110.35,0.0,ml
95,8.6,0.081,0.032,236.95,-0.5,ml
96,7.7,0.008,0.0938,74.21,-0.1,ml
97,9.1,0.018,0.0818,122.47,-0.8,ml
98,8.311,0.06396,0.13,194.0,1.5,md
99,4.11,0.07838,0.07,104.0,1.58,md
100,5.471,0.00991,0.05,108.0,0.56,md
101,8.8,0.157,0.0957,73.8,0.5,ml
102,10.0,0.022,0.0917,122.56,-0.6,ml
103,5.366,0.03243,0.07,172.0,1.43,md
104,6.44,0.06577,0.1,115.0,2.19,md
105,8.3,0.088,0.1333,102.71,-0.6,ml
106,8.0,0.008,0.1263,98.82,-0.1,ml
107,1.876,0.1117,0.23,307.0,0.95,md
108,6.8,0.253,0.0776,236.23,0.0,ml
109,9.34,0.07658,0.07,130.0,1.45,md
110,10.6,0.052,0.0955,204.13,0.7,ml
111,1.996,0.1505,0.05,245.0,0.72,md
112,9.0,0.153,0.0602,138.29,0.2,ml
113,9.505,0.09009,0.08,305.0,0.64,md
114,6.515,0.08559,0.05,259.0,0.93,md
115,6.5,0.089,0.0285,106.36,-0.4,ml
116,8.7,0.021,0.0442,179.65,-0.7,ml
117,7.7,0.008,0.0678,110.23,0.1,ml
118,3.968,0.07207,0.06,102.0,1.49,md
119,6.8,0.251,0.0463,237.79,0.4,ml
120,8.6,0.002,0.1128,70.03,-0.1,ml
121,5.1,0.248,0.0543,206.71,0.6,ml
122,0.0,0.247,0.0352,233.16,0.1,ml
123,10.9,0.245,0.0153,234.14,0.1,ml
124,5.218,0.3045,0.05,274.0,1.75,md
125,9.5,0.012,0.0546,148.98,-0.3,ml
126,-1.474,0.2027,0.09,57.0,2.04,md
127,12.1,0.246,0.0383,235.18,-0.1,ml
128,12.9,0.196,0.1332,197.65,0.7,ml
129,5.536,0.1189,0.06,130.0,1.55,md
130,5.13,0.08829,0.09,127.0,2.1,md
131,6.003,0.009009,0.04,103.0,0.68,md
132,13.9,0.242,0.1244,230.41,0.4,ml
133,8.0,0.031,0.0006,159.29,-0.9,ml
134,5.543,0.01261,0.05,89.0,0.73,md
135,-0.021,0.03694,0.18,101.0,1.41,md
136,10.2,0.247,0.0274,236.24,-0.2,ml
137,13.8,0.246,0.1218,230.51,0.2,ml
138,9.0,0.014,0.0558,171.85,-0.2,ml
139,-1.93,0.04414,0.16,111.0,1.01,md
140,5.435,0.04865,0.11,95.0,0.85,md
141,9.885,0.03514,0.03,146.0,0.47,md
142,8.365,0.04955,0.03,140.0,0.52,md
143,10.3,0.022,0.1262,123.5,-0.2,ml
144,12.0,0.05,0.1571,106.68,0.1,ml
145,7.9,0.008,0.1211,147.67,-0.9,ml
146,8.9,0.013,0.1062,112.01,-0.1,ml
147,5.06,0.07387,0.16,113.0,1.41,md
148,9.4,0.012,0.1543,122.66,0.3,ml
149,10.8,0.008,0.138,108.33,0.6,ml
150,-0.42,0.05766,0.1,114.0,2.12,md
151,2.795,0.005405,0.02,120.0,1.17,md
152,6.195,0.09189,0.04,129.0,1.16,md
153,9.4,0.008,0.0489,218.62,-0.7,ml
154,8.9,0.006,0.0248,218.4,-0.9,ml
155,8.3,0.013,0.1075,111.87,0.2,ml
156,8.1,0.008,0.0985,153.29,-0.6,ml
157,5.92,0.1225,0.07,130.0,1.79,md
158,11.912,0.1622,0.06,158.0,1.4,md
159,6.556,0.3,0.06,115.0,1.63,md
160,-1.932,0.0964,0.46,219.0,0.84,md
161,-2.014,0.1225,0.04,110.0,1.42,md
162,7.4,0.008,0.0229,203.82,-0.8,ml
163,7.9,0.009,0.0051,236.32,-0.9,ml
164,6.5,0.008,0.1014,90.32,-0.4,ml
165,2.146,0.1423,0.08,126.0,0.55,md
