,Depth,Distance to Epicenter,Root Mean Square,Azimuthal Gap,Magnitude,Waveform
0,3.034,0.1122,0.07,166,0.81,ml
1,6.607,0.09823,0.09,169,1.25,ml
2,17.065,0.06034,0.11,63,1.38,ml
3,18.627,0.07317,0.14,40,1.15,ml
4,14.842,0.1243,0.15,151,0.28,ml
5,12.852,0.1182,0.09,105,1.67,ml
6,10.962,0.0946,0.08,96,0.52,ml
7,18.027,0.08631,0.19,62,1.51,ml
8,12.874,0.05365,0.14,23,1.84,ml
9,13.307,0.03687,0.06,55,1.27,ml
10,13.867,0.04347,0.12,42,1.4,ml
11,14.007,0.04426,0.12,39,1.45,ml
12,13.577,0.04157,0.04,134,0.35,ml
13,13.687,0.03828,0.07,64,0.95,ml
14,1.688,0.1099,0.13,69,1.21,ml
15,6.393,0.03365,0.16,141,0.66,ml
16,7.853,0.04814,0.12,69,0.81,ml
17,16.091,0.07701,0.1,76,0.81,ml
18,9.676,0.06432,0.07,90,0.6,ml
19,12.306,0.1934,0.07,172,0.64,ml
20,4.092,0.2075,0.18,95,1.19,ml
21,7.872,0.1195,0.05,288,0.37,ml
22,13.697,0.0691,0.16,210,0.69,ml
23,17.188,0.03935,0.07,197,0.8,ml
24,6.564,0.127,0.11,124,0.61,ml
25,9.077,0.08457,0.09,115,1.13,ml
26,19.523,0.08399,0.11,102,0.92,ml
27,12.425,0.06444,0.07,88,0.08,ml
28,11.368,0.07241,0.08,95,0.59,ml
29,15.934,0.2238,0.11,171,0.79,ml
30,6.239,0.06864,0.24,258,0.13,ml
31,17.21,0.03602,0.11,54,1.23,ml
32,13.591,0.008881,0.08,101,0.56,ml
33,10.474,0.1011,0.09,171,0.36,ml
34,9.668,0.04203,0.1,138,0.36,ml
35,10.141,0.0413,0.14,29,1.67,ml
36,16.457,0.03733,0.09,78,0.8,ml
37,16.93,0.1311,0.1,124,0.79,ml
38,3.998,0.1684,0.1,68,1.19,ml
39,8.438,0.1275,0.11,177,0.97,ml
40,3.805,0.0982,0.09,276,0.57,ml
41,13.034,0.07081,0.1,129,0.56,ml
42,1.237,0.1809,0.19,72,1.72,ml
43,13.715,0.0463,0.1,80,0.11,ml
44,5.017,0.02072,0.26,76,1.5,ml
45,14.987,0.03682,0.05,82,0.16,ml
46,10.725,0.04036,0.12,41,1.71,ml
47,13.778,0.03939,0.11,77,0.23,ml
48,7.648,0.04386,0.14,98,1.18,ml
49,6.748,0.05053,0.13,32,2.07,ml
50,-1.607,0.07722,0.13,85,1.07,ml
51,8.807,0.0407,0.12,98,1.0,ml
52,18.971,0.01031,0.07,93,0.69,ml
53,16.017,0.02998,0.07,53,1.24,ml
54,9.214,0.01021,0.17,122,0.93,ml
55,8.807,0.009477,0.12,92,0.78,ml
56,6.352,0.02391,0.26,67,1.28,ml
57,8.497,0.04068,0.14,134,0.94,ml
58,6.306,0.02764,0.27,31,1.8,ml
59,10.508,0.06649,0.05,115,0.61,ml
60,15.352,0.131,0.15,84,0.44,ml
61,11.619,0.02368,0.13,87,0.15,ml
62,6.857,0.02021,0.11,79,0.38,ml
63,12.928,0.05271,0.18,26,2.14,ml
64,14.845,0.09407,0.11,45,0.99,ml
65,13.018,0.05405,0.18,37,2.38,ml
66,15.877,0.03256,0.05,78,0.41,ml
67,5.664,0.09371,0.13,120,0.81,ml
68,4.652,0.167,0.18,36,1.98,ml
69,8.954,0.09852,0.09,82,0.41,ml
70,8.197,0.04064,0.13,99,1.04,ml
71,10.229,0.03575,0.06,108,0.82,ml
72,4.019,0.1391,0.12,71,0.97,ml
73,2.284,0.02063,0.25,46,1.7,ml
74,10.77,0.061,0.15,44,0.84,ml
75,9.057,0.04039,0.09,136,0.33,ml
76,9.694,0.1069,0.1,103,0.67,ml
77,17.708,0.06752,0.09,42,0.82,ml
78,15.459,0.06396,0.1,39,1.49,ml
79,6.093,0.1686,0.1,150,0.4,ml
80,8.194,0.09916,0.05,86,0.14,ml
81,6.499,0.0723,0.13,56,0.96,ml
82,5.106,0.0753,0.07,85,0.51,ml
83,12.177,0.01671,0.13,92,0.5,ml
84,7.492,0.1401,0.08,83,1.23,ml
85,12.325,0.008683,0.09,43,1.66,ml
86,18.577,0.04244,0.09,53,0.87,ml
87,17.558,0.045,0.12,38,1.48,ml
88,13.811,0.0559,0.07,69,0.81,ml
89,13.474,0.08116,0.07,135,0.66,ml
90,5.893,0.05259,0.11,122,1.03,ml
91,-0.275,0.08388,0.14,144,1.01,ml
92,16.995,0.08887,0.14,36,2.43,ml
93,16.159,0.05516,0.08,156,0.54,ml
94,5.612,0.08533,0.07,56,0.94,ml
95,5.542,0.0399,0.14,59,1.23,ml
96,8.363,0.05719,0.13,41,1.45,ml
97,11.323,0.08849,0.14,110,0.79,ml
98,5.937,0.06515,0.11,159,1.13,ml
99,10.738,0.02543,0.06,136,0.13,ml
100,9.133,0.08074,0.12,107,0.73,ml
101,10.235,0.08009,0.1,65,0.91,ml
102,11.446,0.1596,0.08,43,1.41,ml
103,9.932,0.08525,0.13,91,0.56,ml
104,0.57,0.1106,0.12,39,1.14,ml
105,3.342,0.08465,0.14,93,0.88,ml
106,6.749,0.06233,0.08,84,0.75,ml
107,14.376,0.01509,0.08,97,0.57,ml
108,10.641,0.1698,0.17,42,2.1,ml
109,9.258,0.04176,0.09,136,0.27,ml
110,6.603,0.01633,0.19,167,0.48,ml
111,8.697,0.043,0.11,106,0.79,ml
112,4.256,0.1677,0.12,254,1.01,ml
113,6.937,0.06554,0.06,234,0.63,ml
114,11.786,0.08579,0.09,122,0.75,ml
115,7.436,0.06246,0.12,43,1.06,ml
116,0.962,0.08707,0.16,139,0.9,ml
117,9.638,0.04252,0.07,135,0.53,ml
118,12.758,0.04246,0.13,124,0.75,ml
119,1.368,0.01508,0.06,129,0.81,ml
120,14.978,0.06917,0.1,204,0.41,ml
121,7.618,0.02737,0.14,44,1.57,ml
122,16.738,0.0356,0.05,178,0.71,ml
123,13.296,0.0252,0.07,98,0.68,ml
124,1.757,0.1216,0.1,165,1.6,ml
125,15.744,0.0773,0.11,44,0.86,ml
126,15.904,0.07938,0.11,69,0.92,ml
127,14.974,0.07992,0.12,70,0.84,ml
128,11.634,0.05633,0.09,72,0.76,ml
129,10.587,0.04047,0.2,106,0.93,ml
130,9.811,0.1009,0.11,132,1.07,ml
131,12.72,0.07266,0.15,62,1.57,ml
132,2.642,0.08272,0.26,111,0.92,ml
133,1.905,0.02491,0.21,91,1.06,ml
134,7.641,0.06347,0.06,217,0.45,ml
135,14.711,0.04684,0.05,103,0.56,ml
136,8.773,0.1234,0.15,124,0.91,ml
137,13.035,0.1067,0.11,111,0.59,ml
138,6.913,0.08145,0.14,83,1.49,ml
139,9.15,0.05997,0.12,58,1.38,ml
140,12.974,0.1446,0.11,56,1.27,ml
141,14.612,0.06746,0.09,63,1.03,ml
142,18.527,0.02471,0.16,56,1.04,ml
143,11.168,0.06617,0.11,69,0.38,ml
144,9.314,0.1191,0.13,88,0.54,ml
145,8.421,0.07475,0.12,195,0.38,ml
146,4.192,0.06061,0.1,147,0.65,ml
147,3.481,0.01482,0.09,115,1.73,ml
148,12.251,0.02411,0.21,80,1.23,ml
149,15.497,0.03827,0.06,93,1.27,ml
150,14.309,0.02202,0.06,184,0.79,ml
151,8.516,0.0319,0.06,101,1.15,ml
152,11.459,0.02235,0.09,96,0.56,ml
153,11.609,0.02316,0.11,71,1.13,ml
154,8.731,0.04942,0.06,138,0.64,ml
155,8.909,0.04756,0.06,253,0.77,ml
156,7.522,0.03104,0.12,64,1.76,ml
157,13.731,0.01281,0.16,79,0.66,ml
158,11.269,0.02531,0.08,103,0.58,ml
159,11.689,0.02543,0.09,75,0.58,ml
160,9.864,0.09186,0.1,81,1.22,ml
161,11.279,0.02474,0.07,87,0.45,ml
162,8.877,0.04109,0.12,99,0.68,ml
163,11.359,0.02422,0.07,83,0.34,ml
164,12.816,0.01306,0.06,135,0.33,ml
165,17.687,0.01892,0.06,131,0.55,ml
166,4.76,0.05729,0.12,79,1.36,ml
167,7.793,0.1071,0.07,94,0.73,ml
168,10.112,0.09745,0.06,101,0.87,ml
169,8.027,0.04722,0.14,35,2.14,ml
170,10.645,0.05818,0.09,109,1.26,ml
171,12.274,0.06075,0.08,131,0.59,ml
172,6.803,0.06468,0.07,60,0.97,ml
173,2.015,0.09818,0.13,148,1.39,ml
174,16.947,0.07987,0.1,55,1.67,ml
175,14.515,0.05228,0.05,60,0.37,ml
176,15.917,0.02294,0.02,78,0.54,ml
177,6.606,0.03107,0.08,262,0.81,ml
178,16.431,0.08037,0.06,59,0.94,ml
179,6.959,0.06068,0.08,130,0.15,ml
180,17.865,0.08641,0.08,81,0.88,ml
181,15.237,0.1239,0.08,48,0.81,ml
182,9.931,0.09872,0.07,217,0.87,ml
183,8.11,0.04377,0.15,77,1.36,ml
184,4.508,0.1274,0.13,103,1.15,ml
185,6.287,0.0426,0.1,97,0.21,ml
186,9.35,0.07133,0.1,220,0.82,ml
187,16.061,0.02676,0.05,113,0.79,ml
188,8.287,0.03871,0.08,97,0.85,ml
189,8.987,0.04484,0.07,97,0.29,ml
190,16.854,0.1153,0.1,140,0.95,ml
191,10.447,0.05711,0.11,92,1.28,ml
192,14.821,0.07303,0.07,116,0.72,ml
193,2.123,0.01635,0.12,38,1.9,ml
194,18.467,0.05139,0.07,75,1.36,ml
195,1.921,0.1915,0.11,42,2.4,ml
196,16.464,0.0744,0.07,105,0.47,ml
197,15.795,0.02499,0.14,87,0.9,ml
198,7.448,0.01537,0.11,103,0.65,ml
199,14.976,0.02412,0.13,66,1.11,ml
200,12.206,0.1065,0.12,166,0.64,ml
201,12.484,0.1018,0.1,98,0.61,ml
202,13.655,0.0328,0.12,76,0.1,ml
203,8.625,0.05015,0.17,108,0.53,ml
204,17.454,0.09042,0.09,117,0.8,ml
205,14.748,0.04478,0.05,134,0.1,ml
206,14.043,0.02619,0.17,173,0.79,ml
207,8.862,0.2097,0.16,85,1.19,ml
208,16.162,0.0394,0.05,72,0.13,ml
209,8.548,0.01451,0.16,108,1.19,ml
210,11.981,0.1242,0.13,168,0.59,ml
211,2.719,0.04509,0.14,41,1.41,ml
212,4.699,0.02244,0.05,130,0.03,ml
213,6.766,0.02433,0.13,135,1.23,ml
214,8.798,0.1377,0.16,256,0.88,ml
215,11.673,0.1703,0.12,223,0.72,ml
216,9.976,0.01955,0.16,73,1.95,ml
217,18.821,0.01086,0.05,128,0.74,ml
218,8.991,0.07783,0.11,85,1.26,ml
219,5.72,0.1064,0.23,155,0.58,ml
220,9.077,0.04133,0.1,98,0.57,ml
221,8.162,0.0354,0.1,75,1.07,ml
222,-0.595,0.0587,0.11,88,0.73,ml
223,13.594,0.05104,0.18,131,0.41,ml
224,8.039,0.01823,0.08,38,0.59,ml
225,17.568,0.1192,0.1,91,0.9,ml
226,6.351,0.05952,0.16,88,1.35,ml
227,5.051,0.05864,0.15,111,0.74,ml
228,6.354,0.09014,0.11,61,0.95,ml
229,4.384,0.06483,0.03,214,0.57,ml
230,15.144,0.05636,0.12,185,0.49,ml
231,2.919,0.1532,0.1,103,1.36,ml
232,12.478,0.09364,0.14,124,0.75,ml
233,11.298,0.06738,0.05,122,0.57,ml
234,2.453,0.04375,0.1,67,1.14,ml
235,7.951,0.04545,0.08,74,0.52,ml
236,12.928,0.08368,0.15,36,1.15,ml
237,12.757,0.0837,0.14,61,0.9,ml
238,8.005,0.07953,0.14,100,0.68,ml
239,7.119,0.1403,0.11,122,1.28,ml
240,8.861,0.07141,0.09,136,0.54,ml
241,4.162,0.2086,0.16,96,1.22,ml
242,17.545,0.06672,0.11,83,0.76,ml
243,6.496,0.02993,0.1,260,0.67,ml
244,7.947,0.01197,0.13,39,1.5,ml
245,17.701,0.08815,0.08,82,0.81,ml
246,15.731,0.05135,0.05,161,0.71,ml
247,16.233,0.06433,0.12,116,1.15,ml
248,8.638,0.1144,0.13,178,0.65,ml
249,11.094,0.02251,0.06,96,0.12,ml
250,8.877,0.06221,0.1,73,1.1,ml
251,2.575,0.1398,0.1,206,0.89,ml
252,5.152,0.1219,0.17,69,1.13,ml
253,12.614,0.03057,0.13,149,0.41,ml
254,10.867,0.0512,0.09,169,0.42,ml
255,11.42,0.1126,0.11,82,0.96,ml
256,13.296,0.03178,0.17,50,1.34,ml
257,12.872,0.02981,0.15,37,2.22,ml
258,7.651,0.07413,0.09,92,0.41,ml
259,8.481,0.07655,0.1,99,0.31,ml
260,10.146,0.1377,0.09,129,0.31,ml
261,7.055,0.05975,0.11,45,1.19,ml
262,6.62,0.1172,0.17,50,2.45,ml
263,18.485,0.1216,0.11,87,0.82,ml
264,6.932,0.08069,0.18,136,0.28,ml
265,4.362,0.206,0.12,95,1.04,ml
266,4.352,0.2076,0.14,95,1.02,ml
267,4.422,0.2094,0.15,95,1.15,ml
268,7.521,0.06085,0.15,87,0.81,ml
269,11.89,0.01626,0.15,60,1.73,ml
270,12.771,0.04623,0.14,154,0.73,ml
271,13.647,0.04054,0.09,75,0.61,ml
272,10.006,0.001878,0.12,134,0.48,ml
273,12.985,0.1018,0.08,110,0.21,ml
274,11.917,0.04265,0.16,187,0.61,ml
275,11.74,0.03414,0.18,27,2.1,ml
276,15.211,0.07601,0.12,30,1.19,ml
277,16.951,0.01162,0.14,32,1.11,ml
278,11.371,0.0721,0.2,180,0.62,ml
279,13.702,0.04514,0.07,83,0.5,ml
280,15.941,0.07833,0.11,157,0.39,ml
281,18.057,0.02122,0.04,140,0.49,ml
282,10.21,0.07481,0.11,115,1.16,ml
283,17.774,0.08306,0.1,49,1.21,ml
284,15.265,0.03968,0.06,97,0.33,ml
285,17.814,0.08554,0.09,81,0.86,ml
286,9.525,0.07897,0.11,140,0.25,ml
287,10.377,0.04377,0.14,173,1.08,ml
288,8.85,0.04619,0.1,146,0.37,ml
289,11.587,0.04288,0.16,173,0.82,ml
290,16.819,0.1037,0.12,68,1.17,ml
291,8.111,0.02352,0.07,150,0.48,ml
292,15.839,0.07325,0.06,149,0.51,ml
293,10.189,0.05641,0.07,171,1.11,ml
294,13.173,0.1487,0.14,107,0.95,ml
295,5.907,0.773,0.38,156,1.85,ml
296,8.499,0.01465,0.28,169,0.58,ml
297,14.847,0.1375,0.14,106,0.65,ml
298,7.559,0.06299,0.08,165,0.28,ml
299,13.287,0.08277,0.17,206,0.51,ml
300,9.688,0.1733,0.18,211,0.78,ml
301,15.124,0.0661,0.15,35,0.98,ml
302,14.527,0.01686,0.12,35,1.14,ml
303,16.378,0.06886,0.08,134,0.41,ml
304,17.008,0.06837,0.11,74,0.74,ml
305,10.215,0.08115,0.16,65,0.86,ml
306,14.095,0.09977,0.22,15,2.83,ml
307,4.26,0.2089,0.18,111,0.82,ml
308,7.816,0.01617,0.13,19,1.58,ml
309,8.557,0.04223,0.13,100,0.58,ml
310,8.549,0.05998,0.2,50,1.01,ml
311,10.71,0.0789,0.14,50,1.04,ml
312,9.297,0.0353,0.12,99,0.28,ml
313,10.746,0.07033,0.18,15,2.46,ml
314,11.991,0.08338,0.1,73,0.89,ml
315,6.221,0.01796,0.06,135,0.46,ml
316,17.218,0.03631,0.08,92,0.83,ml
317,12.782,0.06006,0.12,69,1.23,ml
318,16.546,0.08316,0.08,75,1.12,ml
319,12.22,0.1265,0.13,43,1.19,ml
320,11.649,0.06486,0.12,43,1.21,ml
321,4.192,0.21,0.17,83,1.16,ml
322,14.466,0.006793,0.07,77,0.47,ml
323,13.005,0.01487,0.11,49,1.15,ml
324,13.295,0.01664,0.11,32,1.85,ml
325,13.763,0.06867,0.14,132,0.25,ml
326,10.56,0.06689,0.12,72,0.96,ml
327,13.335,0.05652,0.1,52,1.1,ml
328,6.629,0.04787,0.11,64,0.82,ml
329,13.675,0.04061,0.06,84,0.16,ml
330,18.76,0.06688,0.14,88,0.86,ml
331,9.56,0.07436,0.12,241,0.7,ml
332,8.18,0.01601,0.14,58,1.26,ml
333,14.059,0.06896,0.06,92,0.46,ml
334,14.117,0.04316,0.14,117,0.75,ml
335,17.287,0.1224,0.11,57,0.84,ml
336,13.247,0.0496,0.12,103,1.04,ml
337,6.849,0.006012,0.08,77,0.8,ml
338,8.885,0.01023,0.16,90,0.65,ml
339,15.937,0.0383,0.08,78,0.44,ml
340,12.869,0.06176,0.14,27,1.3,ml
341,9.358,0.05069,0.17,110,0.78,ml
342,16.568,0.05791,0.12,60,1.03,ml
343,18.558,0.008203,0.06,130,0.61,ml
344,12.203,0.09493,0.13,196,1.52,ml
345,10.884,0.07072,0.12,100,0.5,ml
346,14.227,0.03671,0.07,65,0.76,ml
347,16.639,0.08954,0.11,60,0.89,ml
348,8.544,0.09466,0.13,37,1.6,ml
349,12.204,0.02655,0.17,97,2.05,ml
350,16.707,0.02044,0.05,80,0.28,ml
351,8.236,0.01045,0.14,26,1.31,ml
352,8.744,0.09147,0.17,77,1.27,ml
353,13.263,0.03453,0.16,187,0.65,ml
354,15.863,0.06615,0.11,47,1.03,ml
355,9.098,0.1472,0.1,229,0.35,ml
356,11.761,0.0268,0.14,103,2.16,ml
357,13.926,0.03213,0.17,104,2.04,ml
358,16.525,0.05517,0.35,140,0.61,ml
359,9.271,0.06023,0.06,126,0.82,ml
360,18.892,0.04824,0.11,92,0.77,ml
361,13.008,0.05041,0.09,44,1.47,ml
362,9.028,0.1245,0.09,108,0.66,ml
363,8.293,0.1475,0.17,145,0.88,ml
364,12.758,0.06358,0.14,50,1.58,ml
365,8.961,0.06449,0.1,96,0.9,ml
366,1.087,0.08983,0.19,143,1.05,ml
367,9.068,0.1099,0.11,61,0.9,ml
368,8.571,0.1153,0.16,105,0.7,ml
369,9.092,0.1073,0.1,138,0.36,ml
370,16.699,0.05982,0.03,117,0.47,ml
371,18.258,0.06566,0.1,60,1.25,ml
372,13.992,0.05286,0.12,85,1.05,ml
373,17.024,0.09198,0.08,58,1.08,ml
374,9.115,0.1044,0.08,136,0.64,ml
375,5.559,0.1357,0.11,253,0.72,ml
376,14.337,0.1271,0.14,79,0.65,ml
377,-0.375,0.05383,0.18,84,1.4,ml
378,6.724,0.1084,0.13,182,1.01,ml
379,12.826,0.1383,0.09,119,0.99,ml
380,6.822,0.0397,0.1,58,0.94,ml
381,12.097,0.1249,0.13,78,1.3,ml
382,12.207,0.1168,0.16,70,1.61,ml
383,17.558,0.03574,0.07,178,0.85,ml
384,6.049,0.01314,0.12,139,1.39,ml
385,3.64,0.1209,0.06,178,1.4,ml
386,11.378,0.06824,0.11,117,0.66,ml
387,8.33,0.03794,0.07,153,1.07,ml
388,8.996,0.06461,0.1,70,0.11,ml
389,8.03,0.03889,0.05,147,0.11,ml
390,8.762,0.1105,0.09,100,0.26,ml
391,14.518,0.06796,0.07,124,0.49,ml
392,16.422,0.1142,0.08,85,0.81,ml
393,7.758,0.04219,0.18,63,1.18,ml
394,11.637,0.09922,0.13,96,0.31,ml
395,17.291,0.08238,0.13,48,1.14,ml
396,7.928,0.0516,0.1,77,1.01,ml
397,17.893,0.115,0.11,89,0.92,ml
398,10.531,0.1021,0.12,40,1.1,ml
399,13.535,0.08299,0.11,164,1.26,ml
400,17.697,0.02469,0.12,33,1.89,ml
401,4.635,0.02939,0.14,59,1.66,ml
402,9.054,0.006555,0.18,39,2.93,ml
403,13.215,0.03062,0.08,98,0.55,ml
404,15.121,0.07518,0.13,98,0.65,ml
405,14.741,0.07782,0.11,169,1.52,ml
406,7.572,0.0371,0.06,89,0.51,ml
407,8.868,0.1188,0.16,27,1.98,ml
408,8.984,0.1157,0.18,34,1.63,ml
409,6.612,0.1651,0.22,42,1.2,ml
410,8.618,0.04131,0.15,32,1.63,ml
411,4.26,0.1182,0.07,176,0.66,ml
412,11.651,0.001152,0.14,106,1.09,ml
413,15.947,0.01912,0.05,131,0.49,ml
414,14.412,0.07942,0.1,88,0.59,ml
415,8.531,0.0715,0.12,31,1.95,ml
416,16.382,0.09219,0.12,90,1.43,ml
417,16.79,0.09482,0.12,67,1.24,ml
418,13.999,0.02504,0.12,107,0.54,ml
419,12.947,0.08256,0.19,73,1.04,ml
420,6.456,0.1063,0.15,244,0.77,ml
421,9.173,0.1486,0.11,162,0.52,ml
422,8.932,0.1094,0.1,138,0.5,ml
423,13.782,0.1002,0.12,95,0.61,ml
424,14.725,0.06563,0.14,97,0.55,ml
425,8.482,0.111,0.1,140,0.4,ml
426,12.393,0.01826,0.18,102,1.01,ml
427,10.827,0.038,0.15,69,1.15,ml
428,10.784,0.09081,0.1,106,0.7,ml
429,3.583,0.0375,0.13,70,0.93,ml
430,9.088,0.04135,0.09,99,0.4,ml
431,8.358,0.04328,0.14,75,1.5,ml
432,16.328,0.05274,0.08,114,0.49,ml
433,9.422,0.1039,0.1,98,0.51,ml
434,17.105,0.02713,0.06,79,0.6,ml
435,18.798,0.1154,0.22,58,1.17,ml
436,5.807,0.09191,0.16,49,1.32,ml
437,16.037,0.03414,0.06,94,0.35,ml
438,9.769,0.0319,0.07,105,1.14,ml
439,8.042,0.1026,0.11,255,0.56,ml
440,4.41,0.03592,0.15,52,1.38,ml
441,9.276,0.0248,0.17,43,1.24,ml
442,8.339,0.1151,0.08,220,0.83,ml
443,11.635,0.06723,0.07,119,0.67,ml
444,15.767,0.03739,0.08,124,0.61,ml
445,13.225,0.04188,0.03,145,0.5,ml
446,16.917,0.02745,0.08,80,0.65,ml
447,17.037,0.02715,0.12,62,0.8,ml
448,15.817,0.03755,0.09,84,0.71,ml
449,16.397,0.03388,0.08,97,0.6,ml
450,13.388,0.05664,0.06,109,0.41,ml
451,16.275,0.04194,0.13,39,1.33,ml
452,11.98,0.03845,0.17,99,0.93,ml
453,7.218,0.0203,0.11,103,0.45,ml
454,9.947,0.06315,0.34,50,2.21,ml
455,6.989,0.07508,0.13,53,0.68,ml
456,16.401,0.1631,0.13,64,0.61,ml
457,9.928,0.04744,0.12,94,0.43,ml
458,9.476,0.06536,0.12,50,0.81,ml
459,16.148,0.05918,0.07,110,0.56,ml
460,4.938,0.1003,0.09,43,2.22,ml
461,14.025,0.04159,0.06,82,0.27,ml
462,16.701,0.08798,0.1,59,0.93,ml
463,3.177,0.07105,0.14,53,1.22,ml
464,3.616,0.0308,0.18,41,1.03,ml
465,10.665,0.09081,0.08,70,0.78,ml
466,15.581,0.07176,0.11,119,0.43,ml
467,13.294,0.05392,0.1,103,0.06,ml
468,5.25,0.1148,0.12,99,0.97,ml
469,8.853,0.04602,0.1,108,0.77,ml
470,6.337,0.02165,0.11,102,0.87,ml
471,17.639,0.09739,0.09,205,0.36,ml
472,8.6,0.04369,0.16,166,0.46,ml
473,11.4,0.03766,0.13,50,1.1,ml
474,18.628,0.01505,0.12,53,0.87,ml
475,19.558,0.06384,0.05,144,0.68,ml
476,11.537,0.05615,0.11,120,0.62,ml
477,11.031,0.06104,0.18,71,1.42,ml
478,9.145,0.126,0.04,120,1.0,mh
479,14.705,0.05204,0.06,89,0.67,ml
480,15.045,0.05254,0.08,90,0.62,ml
481,15.085,0.05143,0.09,91,0.37,ml
482,5.547,0.0663,0.1,173,0.6,ml
483,16.225,0.0506,0.14,51,0.75,ml
484,9.71,0.08363,0.08,67,0.84,ml
485,15.685,0.04648,0.13,35,1.47,ml
486,13.372,0.0577,0.12,132,0.69,ml
487,13.08,0.01227,0.13,109,0.89,ml
488,16.712,0.2228,0.07,273,0.78,ml
489,7.539,0.07794,0.13,63,0.76,ml
490,6.573,0.06735,0.15,49,1.36,ml
491,14.198,0.05097,0.09,89,0.59,ml
492,10.087,0.1328,0.13,79,0.85,ml
493,14.267,0.03382,0.05,62,0.42,ml
494,14.327,0.03282,0.06,115,0.14,ml
495,8.267,0.0411,0.11,126,0.57,ml
496,8.137,0.04212,0.12,100,1.17,ml
497,11.527,0.09814,0.21,102,1.13,ml
498,9.567,0.137,0.09,156,0.68,ml
499,0.814,0.03058,0.12,127,1.38,ml
500,16.446,0.01486,0.05,86,0.44,ml
501,2.055,0.0248,0.14,75,1.88,ml
502,11.369,0.04375,0.08,143,0.49,ml
503,12.972,0.02578,0.06,99,0.49,ml
504,7.659,0.07973,0.13,64,1.17,ml
505,13.002,0.09772,0.15,43,1.14,ml
506,12.228,0.1329,0.22,89,1.88,ml
507,13.204,0.07728,0.13,95,0.65,ml
508,8.734,0.132,0.13,48,1.08,ml
509,15.636,0.04875,0.12,60,0.68,ml
510,5.866,0.01882,0.13,128,0.51,ml
511,9.237,0.04473,0.1,89,0.46,ml
512,14.942,0.05886,0.23,17,3.07,ml
513,11.623,0.04251,0.15,109,1.1,ml
514,14.805,0.0424,0.05,74,0.1,ml
515,14.795,0.0406,0.06,73,0.13,ml
516,4.313,0.01193,0.17,68,1.52,ml
517,15.457,0.03299,0.04,83,0.4,ml
518,7.914,0.07072,0.14,31,1.73,ml
519,7.648,0.07729,0.1,66,0.9,ml
520,18.971,0.01044,0.07,158,0.39,ml
521,11.859,0.03258,0.1,102,0.96,ml
522,2.328,0.01979,0.3,83,1.52,ml
523,14.35,0.11,0.12,48,1.08,ml
524,2.757,0.03862,0.18,81,0.88,ml
525,11.881,0.1267,0.16,38,1.56,ml
526,11.751,0.124,0.16,50,1.21,ml
527,2.337,0.07141,0.13,54,1.2,ml
528,11.881,0.125,0.16,117,1.2,ml
529,16.818,0.05625,0.12,82,0.53,ml
530,0.164,0.08559,0.26,57,0.63,ml
531,11.567,0.03116,0.11,100,0.96,ml
532,1.278,0.03514,0.28,111,-0.21,ml
533,9.636,0.09429,0.09,227,0.84,ml
534,8.887,0.04023,0.12,98,0.47,ml
535,9.127,0.04745,0.12,126,0.27,ml
536,8.267,0.03784,0.13,123,0.77,ml
537,7.437,0.1325,0.13,77,1.26,ml
538,1.873,0.0984,0.16,116,1.25,ml
539,13.171,0.0515,0.14,108,1.18,ml
540,18.298,0.01462,0.13,35,1.45,ml
541,14.941,0.07022,0.14,160,0.41,ml
542,16.282,0.01641,0.14,70,0.42,ml
543,16.324,0.08498,0.13,52,1.27,ml
544,15.541,0.08159,0.09,84,0.87,ml
545,9.197,0.01555,0.11,102,0.38,ml
546,8.007,0.03999,0.15,101,0.97,ml
547,8.254,0.06312,0.2,85,1.08,ml
548,11.54,0.0522,0.17,130,1.19,ml
549,12.363,0.03266,0.12,163,1.17,ml
550,7.606,0.05557,0.14,166,0.96,ml
551,12.176,0.04385,0.17,155,1.02,ml
552,8.517,0.02384,0.1,143,0.59,ml
553,11.413,0.02874,0.2,152,1.67,ml
554,18.745,0.04003,0.15,99,1.04,ml
555,6.502,0.03362,0.1,91,0.64,ml
556,6.225,0.03168,0.08,74,0.86,ml
557,7.447,0.01105,0.08,45,1.08,ml
558,6.761,0.04892,0.14,155,0.72,ml
559,13.968,0.08928,0.14,93,1.25,ml
560,12.874,0.06319,0.1,96,0.65,ml
561,12.874,0.06666,0.13,97,0.93,ml
562,11.473,0.03096,0.06,101,0.69,ml
563,4.033,0.02316,0.12,108,0.77,ml
564,10.896,0.02734,0.15,50,0.93,ml
565,16.475,0.08643,0.13,45,1.42,ml
566,11.958,0.09489,0.13,37,1.54,ml
567,10.583,0.03073,0.17,96,1.06,ml
568,13.229,0.0175,0.13,129,0.56,ml
569,13.554,0.05952,0.1,128,1.02,ml
570,10.968,0.1149,0.18,109,1.12,ml
571,8.895,0.06139,0.06,250,0.96,ml
572,7.957,0.04183,0.12,99,1.05,ml
573,15.043,0.1189,0.07,225,0.64,ml
574,9.403,0.1302,0.15,122,0.98,ml
575,16.728,0.04478,0.13,20,1.57,ml
576,14.493,0.431,0.18,187,1.62,ml
577,8.667,0.04664,0.12,95,0.26,ml
578,7.852,0.03011,0.16,38,1.38,ml
579,8.095,0.03363,0.11,71,0.84,ml
580,4.318,0.1415,0.18,89,1.09,ml
581,13.346,0.0138,0.06,66,0.67,ml
582,8.263,0.04264,0.1,133,1.08,ml
583,8.15,0.02974,0.09,83,1.11,ml
584,8.722,0.09207,0.12,109,0.62,ml
585,12.047,0.1503,0.07,269,0.69,ml
586,1.756,0.1415,0.17,120,1.53,ml
587,8.318,0.03966,0.12,98,0.77,ml
588,13.398,0.05361,0.16,123,1.11,ml
589,7.487,0.02719,0.15,107,0.95,ml
590,3.306,0.02791,0.17,69,0.98,ml
591,9.615,0.08342,0.07,102,0.72,ml
592,-0.338,0.1208,0.12,125,0.83,ml
593,7.461,0.06573,0.05,132,0.4,ml
594,7.304,0.08666,0.19,59,1.62,ml
595,9.848,0.03995,0.09,98,0.43,ml
596,8.525,0.06582,0.05,253,1.75,ml
597,17.131,0.07786,0.14,36,1.5,ml
598,15.005,0.0481,0.09,80,0.95,ml
599,14.595,0.04789,0.08,66,0.97,ml
600,2.997,0.02601,0.16,68,1.24,ml
601,8.67,0.08648,0.12,135,1.0,ml
602,15.798,0.06789,0.1,158,0.58,ml
603,3.922,0.02302,0.16,109,0.92,ml
604,8.987,0.04123,0.08,136,0.59,ml
605,12.372,0.2163,0.18,86,1.0,ml
606,7.692,0.07708,0.17,116,1.02,ml
607,9.998,0.01077,0.14,31,1.74,ml
608,16.255,0.05587,0.07,98,0.71,ml
609,15.955,0.05559,0.07,90,0.16,ml
610,15.215,0.04879,0.09,78,0.74,ml
611,7.829,0.07017,0.1,89,0.45,ml
612,13.945,0.04404,0.06,82,0.13,ml
613,12.813,0.07416,0.19,65,1.11,ml
614,7.359,0.03094,0.12,76,1.11,ml
615,17.619,0.0241,0.09,125,0.86,ml
616,15.595,0.05092,0.12,65,1.2,ml
617,13.006,0.02133,0.06,77,0.33,ml
618,2.641,0.03547,0.14,67,1.24,ml
619,14.498,0.06058,0.08,121,0.44,ml
620,3.422,0.07268,0.11,127,0.58,ml
621,13.018,0.03125,0.15,86,1.92,ml
622,12.918,0.02869,0.15,60,1.76,ml
623,14.935,0.05006,0.09,57,1.0,ml
624,3.361,0.08427,0.14,113,1.08,ml
625,15.199,0.05974,0.13,80,0.74,ml
626,15.035,0.04935,0.13,34,1.47,ml
627,15.515,0.05272,0.11,85,0.88,ml
628,15.585,0.04806,0.09,92,0.37,ml
629,15.921,0.05998,0.2,90,0.37,ml
630,15.135,0.05465,0.11,48,1.1,ml
631,14.865,0.04793,0.1,59,0.83,ml
632,15.675,0.05242,0.2,65,0.19,ml
633,15.345,0.04862,0.09,93,0.44,ml
634,15.845,0.04928,0.12,105,0.52,ml
635,16.435,0.04482,0.18,72,0.73,ml
636,15.355,0.05432,0.11,96,0.46,ml
637,15.045,0.04923,0.09,51,1.14,ml
638,15.115,0.05661,0.2,22,1.5,ml
639,14.945,0.0501,0.07,116,0.87,ml
640,15.005,0.04904,0.08,190,0.8,mh
641,14.667,0.04095,0.07,176,1.16,ml
642,14.915,0.04907,0.07,167,2.5,ml
643,15.085,0.05515,0.16,18,3.19,ml
644,14.865,0.04998,0.1,89,0.44,ml
645,15.055,0.05591,0.13,28,1.45,ml
646,14.725,0.04811,0.06,114,0.63,ml
647,15.115,0.05675,0.14,33,1.65,ml
648,18.486,0.06397,0.13,34,1.37,ml
649,9.164,0.09684,0.11,75,0.63,ml
650,8.913,0.03566,0.11,64,0.86,ml
651,3.445,0.03622,0.12,47,1.65,ml
652,14.62,0.06032,0.11,97,0.83,ml
653,6.865,0.03508,0.1,83,1.12,ml
654,0.514,0.07622,0.12,89,0.6,ml
655,10.564,0.03019,0.33,102,1.17,ml
656,14.474,0.06424,0.13,89,0.72,ml
657,14.187,0.03238,0.08,93,0.08,ml
658,7.419,0.07838,0.12,52,1.03,ml
659,7.849,0.07869,0.16,53,1.38,ml
660,16.903,0.03763,0.12,63,1.01,ml
661,14.126,0.0218,0.08,94,0.38,ml
662,10.122,0.05328,0.09,55,1.11,ml
663,13.904,0.04881,0.11,82,0.91,ml
664,5.436,0.06367,0.11,61,1.49,ml
665,7.439,0.02822,0.1,107,0.88,ml
666,7.813,0.05851,0.16,22,1.34,ml
667,14.484,0.04853,0.15,45,1.06,ml
668,6.339,0.05895,0.12,43,1.07,ml
669,13.087,0.05842,0.25,50,2.01,ml
670,8.083,0.08773,0.12,91,0.61,ml
671,6.883,0.05338,0.14,65,1.06,ml
672,15.338,0.06053,0.06,111,0.34,ml
673,12.508,0.1005,0.11,119,1.05,ml
674,13.108,0.1026,0.13,119,0.49,ml
675,16.525,0.0436,0.12,35,0.99,ml
676,9.038,0.04002,0.09,98,0.3,ml
677,6.84,0.07676,0.13,68,0.78,ml
678,9.598,0.03771,0.11,124,0.31,ml
679,6.79,0.05631,0.12,36,1.65,ml
680,16.607,0.03259,0.08,88,0.67,ml
681,7.269,0.07924,0.11,63,0.68,ml
682,15.525,0.1053,0.13,37,0.73,ml
683,9.719,0.1062,0.14,233,0.63,ml
684,13.124,0.1162,0.19,58,1.18,ml
685,14.998,0.04114,0.11,108,0.58,ml
686,7.85,0.09329,0.18,28,1.94,ml
687,2.081,0.06344,0.09,92,0.66,ml
688,14.598,0.0435,0.09,121,0.46,ml
689,11.028,0.0277,0.08,140,0.61,ml
690,9.551,0.05894,0.14,39,1.44,ml
691,16.05,0.1122,0.07,189,0.73,ml
692,10.558,0.01561,0.14,83,1.11,ml
693,5.916,0.09096,0.1,79,0.54,ml
694,11.291,0.06552,0.04,109,0.24,ml
695,14.743,0.06948,0.15,41,1.34,ml
696,14.456,0.03724,0.12,210,0.62,ml
697,14.604,0.174,0.09,62,0.82,ml
698,15.326,0.07271,0.08,90,0.65,ml
699,4.335,0.1954,0.09,64,1.44,ml
700,4.401,0.1215,0.17,71,1.43,ml
701,15.898,0.0633,0.05,127,0.41,ml
702,17.046,0.07755,0.09,138,0.65,ml
703,10.755,0.08379,0.09,141,0.66,ml
704,13.694,0.04717,0.08,80,0.61,ml
705,5.342,0.1239,0.15,89,0.99,ml
706,13.304,0.04637,0.07,112,0.71,ml
707,13.935,0.04932,0.07,122,0.58,ml
708,13.374,0.04904,0.15,27,2.49,ml
709,8.626,0.003664,0.19,47,2.02,ml
710,3.01,0.03576,0.14,52,1.01,ml
711,13.708,0.05948,0.17,182,0.75,ml
712,16.923,0.04537,0.09,81,0.54,ml
713,13.82,0.1164,0.12,51,1.17,ml
714,14.505,0.1013,0.16,120,0.72,ml
715,14.325,0.09703,0.15,61,1.62,ml
716,3.214,0.03606,0.09,97,0.96,ml
717,14.779,0.03014,0.11,70,1.06,ml
718,14.845,0.115,0.08,145,0.71,ml
719,6.119,0.0886,0.12,81,0.98,ml
720,17.566,0.02467,0.06,146,0.56,ml
721,16.209,0.0367,0.05,164,-0.12,ml
722,16.507,0.03926,0.04,162,0.06,ml
723,6.995,0.07688,0.15,66,0.95,ml
724,12.883,0.1798,0.17,242,0.66,ml
725,13.611,0.1958,0.12,76,0.44,ml
726,14.558,0.105,0.16,310,0.4,ml
727,15.134,0.0788,0.15,118,0.9,ml
728,14.512,0.04681,0.05,81,0.66,ml
729,14.172,0.04595,0.05,82,0.57,ml
730,7.237,0.02484,0.08,83,0.56,ml
731,3.503,0.06184,0.14,50,0.81,ml
732,8.877,0.03988,0.11,98,0.79,ml
733,14.903,0.1068,0.13,48,1.49,ml
734,11.74,0.05149,0.14,27,1.37,ml
735,11.74,0.09705,0.18,171,1.19,ml
736,18.258,0.02918,0.14,35,1.29,ml
737,2.023,0.07062,0.11,54,0.77,ml
738,8.023,0.07875,0.1,90,1.08,ml
739,7.799,0.07975,0.15,53,1.54,ml
740,11.538,0.0588,0.08,194,0.41,ml
741,14.718,0.05775,0.06,110,0.9,ml
742,14.447,0.1167,0.15,160,0.43,ml
743,16.301,0.07793,0.08,99,0.74,ml
744,14.328,0.06196,0.08,110,0.78,ml
745,8.315,0.07729,0.09,100,0.42,ml
746,10.538,0.09762,0.13,201,0.76,ml
747,13.64,0.01317,0.19,116,1.6,ml
748,2.764,0.0624,0.14,118,1.18,ml
749,16.542,0.1039,0.18,99,1.04,ml
750,7.733,0.04606,0.16,96,1.24,ml
751,14.615,0.04487,0.11,74,0.81,ml
752,9.127,0.03862,0.11,97,0.68,ml
753,6.351,0.1382,0.12,63,1.56,ml
754,12.624,0.038,0.12,58,1.54,ml
755,2.605,0.1421,0.11,146,1.02,ml
756,11.261,0.08774,0.09,204,0.89,ml
757,4.207,0.1483,0.16,94,1.07,ml
758,14.434,0.08808,0.15,56,1.1,ml
759,5.406,0.07468,0.12,51,1.08,ml
760,14.163,0.2971,0.08,287,0.55,ml
761,14.708,0.0381,0.12,110,0.72,ml
762,15.545,0.07388,0.13,43,1.0,ml
763,10.695,0.04937,0.17,106,1.0,ml
764,11.817,0.01241,0.3,81,2.0,ml
765,16.598,0.03683,0.08,145,0.74,ml
766,14.808,0.05632,0.11,93,0.91,ml
767,8.344,0.04341,0.13,83,1.62,ml
768,16.019,0.05493,0.12,40,1.44,ml
769,12.639,0.01695,0.08,58,0.64,ml
770,9.517,0.04193,0.09,96,0.34,ml
771,8.737,0.03994,0.09,136,0.31,ml
772,10.355,0.1312,0.21,119,0.96,ml
773,7.977,0.07993,0.19,28,2.13,ml
774,16.486,0.06921,0.11,30,1.79,ml
775,18.852,0.158,0.21,260,1.08,ml
776,17.34,0.07908,0.11,27,2.05,ml
777,14.217,0.02971,0.04,124,0.87,ml
778,2.673,0.02675,0.13,102,0.97,ml
779,15.821,0.04337,0.09,127,0.46,ml
780,0.739,0.06518,0.13,95,0.38,ml
781,18.606,0.02386,0.01,160,0.4,mh
782,8.518,0.01188,0.17,109,0.64,ml
783,2.202,0.07599,0.23,60,1.31,ml
784,6.551,0.06025,0.15,85,0.98,ml
785,6.492,0.05509,0.14,30,2.16,ml
786,14.01,0.06282,0.13,132,0.47,ml
787,13.944,0.06206,0.14,132,0.77,ml
788,12.08,0.03349,0.17,173,0.85,ml
789,10.958,0.06284,0.06,116,0.25,ml
790,12.249,0.08674,0.16,91,1.24,ml
791,17.977,0.01441,0.09,55,0.78,ml
792,1.735,0.02687,0.12,118,1.0,ml
793,6.765,0.03299,0.23,201,1.09,ml
794,1.249,0.02616,0.11,109,0.87,ml
795,2.385,0.02256,0.22,43,1.86,ml
796,1.972,0.07791,0.13,95,0.6,ml
797,8.694,0.05891,0.11,82,0.62,ml
798,5.453,0.04514,0.18,60,1.58,ml
799,10.678,0.05586,0.14,45,0.93,ml
800,15.471,0.1419,0.14,32,1.23,ml
801,10.99,0.09041,0.17,142,0.9,ml
802,12.128,0.03867,0.16,150,0.58,ml
803,10.864,0.0956,0.11,56,0.34,ml
804,8.562,0.0408,0.15,62,1.08,ml
805,7.718,0.03345,0.16,159,0.92,ml
806,14.587,0.04282,0.14,36,2.04,ml
807,16.362,0.09283,0.1,112,0.75,ml
808,16.513,0.05025,0.04,77,0.43,ml
809,16.914,0.02493,0.13,119,1.47,ml
810,0.874,0.06419,0.09,67,0.79,ml
811,16.931,0.08541,0.13,44,1.29,ml
812,15.669,0.04392,0.08,84,0.31,ml
813,16.203,0.04108,0.12,28,1.4,ml
814,10.96,0.07414,0.15,159,0.87,ml
815,8.22,0.01768,0.16,82,0.79,ml
816,6.933,0.1318,0.09,88,0.8,ml
817,13.835,0.04192,0.06,75,0.33,ml
818,13.322,0.1025,0.14,83,0.85,ml
819,6.076,0.01521,0.22,130,1.06,ml
820,9.638,0.04023,0.09,134,0.53,ml
821,13.611,0.02406,0.12,89,0.72,ml
822,7.626,0.0442,0.1,79,0.61,ml
823,17.276,0.03846,0.1,171,0.5,ml
824,10.993,0.1662,0.19,84,1.24,ml
825,15.128,0.02581,0.1,122,0.62,ml
826,16.875,0.07686,0.07,125,0.54,ml
827,14.111,0.04341,0.07,80,0.24,ml
828,14.361,0.04579,0.13,55,0.58,ml
829,11.851,0.1008,0.17,202,0.83,ml
830,9.238,0.046,0.12,96,0.67,ml
831,15.967,0.04205,0.06,83,0.31,ml
832,18.047,0.03881,0.16,42,1.21,ml
833,15.469,0.05049,0.15,135,0.83,ml
834,8.644,0.1109,0.17,166,0.95,ml
835,5.944,0.08893,0.16,61,1.04,ml
836,9.368,0.04001,0.1,141,0.26,ml
837,7.579,0.008877,0.17,121,1.17,ml
838,7.713,0.2735,0.09,266,0.54,ml
839,16.002,0.04351,0.14,26,2.2,ml
840,15.229,0.02986,0.13,74,1.01,ml
841,16.983,0.07462,0.16,129,0.63,ml
842,1.318,0.1036,0.13,125,0.88,ml
843,11.888,0.1377,0.19,30,2.02,ml
844,12.987,0.05488,0.14,140,0.62,ml
845,18.298,0.101,0.17,76,0.91,ml
846,17.928,0.01079,0.11,70,0.7,ml
847,18.076,0.06308,0.14,26,1.66,ml
848,18.252,0.008877,0.11,120,0.28,ml
849,5.207,0.04332,0.15,29,2.44,ml
850,10.078,0.05567,0.16,123,0.7,ml
851,9.486,0.0346,0.14,35,2.98,ml
852,7.841,0.1088,0.1,39,0.98,ml
853,2.269,0.03105,0.15,61,0.87,ml
854,7.419,0.0676,0.09,88,0.46,ml
855,8.787,0.1152,0.1,152,0.18,ml
856,5.263,0.05317,0.22,41,1.62,ml
857,6.954,0.07859,0.15,96,1.1,ml
858,9.127,0.06861,0.16,123,1.65,ml
859,10.941,0.08887,0.18,145,0.9,ml
860,5.212,0.04498,0.19,44,1.99,ml
861,1.772,0.08175,0.15,44,1.65,ml
862,2.406,0.02089,0.18,53,2.5,ml
863,-0.462,0.104,0.15,126,0.73,ml
864,17.245,0.07044,0.2,109,0.41,ml
865,1.688,0.1115,0.17,139,1.3,ml
866,12.427,0.05327,0.14,120,0.93,ml
867,8.671,0.06701,0.14,88,0.3,ml
868,17.383,0.04709,0.09,55,0.72,ml
869,11.895,0.1276,0.14,167,-0.02,ml
870,12.173,0.03995,0.16,79,0.43,ml
871,11.726,0.1478,0.14,124,0.46,ml
872,11.607,0.05616,0.16,122,1.06,ml
873,15.032,0.08481,0.12,51,1.0,ml
874,3.122,0.08788,0.12,75,1.25,ml
875,1.551,0.08828,0.13,94,0.85,ml
876,3.873,0.04282,0.21,28,2.1,ml
877,14.413,0.007739,0.08,78,0.78,ml
878,6.765,0.3185,0.09,336,1.11,ml
879,12.643,0.04001,0.11,80,1.01,ml
880,9.892,0.05445,0.15,75,0.92,ml
881,12.263,0.0381,0.09,108,0.79,ml
882,1.522,0.02635,0.16,104,1.59,ml
883,10.677,0.05337,0.11,64,1.2,ml
884,-0.382,0.1026,0.13,125,1.37,ml
885,11.461,0.03657,0.09,239,0.35,ml
886,3.891,0.03618,0.18,61,1.31,ml
887,0.289,0.007825,0.09,93,0.22,ml
888,8.866,0.1647,0.11,165,0.69,ml
889,11.564,0.1387,0.1,127,0.62,ml
890,7.439,0.1194,0.16,115,1.44,ml
891,13.885,0.04428,0.04,130,0.36,ml
892,6.093,0.04418,0.2,49,1.27,ml
893,4.075,0.1224,0.18,94,1.08,ml
894,2.512,0.03318,0.16,60,1.42,ml
895,2.38,0.03801,0.21,19,3.19,ml
896,9.955,0.07323,0.24,19,3.63,ml
897,7.622,0.03684,0.19,59,1.48,ml
898,2.431,0.08797,0.14,107,0.85,ml
899,17.856,0.09072,0.08,155,0.93,ml
900,1.712,0.1008,0.08,121,0.79,ml
901,5.747,0.04474,0.17,91,1.77,ml
902,3.281,0.0802,0.16,114,0.71,ml
903,0.088,0.1118,0.14,81,1.27,ml
904,2.571,0.09203,0.2,95,1.36,ml
905,2.641,0.07709,0.13,108,0.83,ml
906,13.756,0.02397,0.12,39,1.51,ml
907,2.965,0.01964,0.17,106,1.67,ml
908,5.308,0.02005,0.14,105,1.03,ml
909,5.808,0.02425,0.16,104,0.98,ml
910,12.255,0.03278,0.06,165,1.01,ml
911,8.917,0.03439,0.15,121,0.66,ml
912,10.093,0.05502,0.12,59,1.09,ml
913,3.045,0.0244,0.23,47,1.13,ml
914,9.913,0.05528,0.14,50,1.39,ml
915,3.033,0.03452,0.11,117,0.94,ml
916,3.393,0.02499,0.26,84,0.86,ml
917,14.605,0.04959,0.17,70,0.91,ml
918,2.879,0.03736,0.16,26,2.27,ml
919,2.682,0.04017,0.12,74,1.59,ml
920,2.822,0.08243,0.18,95,0.95,ml
921,2.299,0.03603,0.15,58,1.27,ml
922,1.571,0.0878,0.1,114,0.61,ml
923,2.889,0.041,0.08,83,1.8,ml
924,2.934,0.03925,0.19,22,4.43,mw
925,14.948,0.03781,0.15,56,1.17,ml
926,13.975,0.07741,0.05,133,0.29,ml
927,10.475,0.03502,0.07,100,0.51,ml
928,19.548,0.03297,0.15,55,1.01,ml
929,9.968,0.07689,0.08,83,1.27,ml
930,8.175,0.04184,0.11,100,0.9,ml
931,7.627,0.02619,0.12,100,1.21,ml
932,7.611,0.07547,0.14,162,0.94,ml
933,9.125,0.04936,0.12,138,0.65,ml
934,7.624,0.0214,0.17,71,1.65,ml
935,13.499,0.02797,0.14,94,0.94,ml
936,13.911,0.1671,0.16,42,2.24,ml
937,11.98,0.0806,0.08,72,1.17,ml
938,16.086,0.05968,0.08,141,0.86,ml
939,9.436,0.06109,0.12,206,1.9,ml
940,9.324,0.04678,0.11,82,0.39,ml
941,6.987,0.03616,0.11,64,1.21,ml
942,3.363,0.4145,0.14,70,1.43,ml
943,2.314,0.02903,0.11,238,1.26,ml
944,3.682,0.1061,0.14,44,1.77,ml
945,9.552,0.02686,0.12,138,0.35,ml
946,18.827,0.1593,0.12,75,0.69,ml
947,13.254,0.1043,0.14,154,0.63,ml
948,1.716,0.1072,0.15,125,1.09,ml
949,10.272,0.103,0.12,125,0.42,ml
950,2.093,0.08336,0.16,113,1.94,ml
951,15.851,0.03554,0.1,144,0.79,ml
952,16.482,0.2531,0.08,72,0.59,ml
953,5.886,0.06847,0.16,295,1.0,ml
954,13.985,0.03884,0.24,58,1.21,ml
955,8.517,0.1087,0.13,100,1.23,ml
956,11.871,0.04,0.11,158,0.79,ml
957,9.859,0.1062,0.1,72,0.43,ml
958,12.692,0.07432,0.1,101,0.69,ml
959,14.917,0.07325,0.11,61,1.2,ml
960,8.345,0.101,0.1,136,0.36,ml
961,12.291,0.09482,0.09,100,0.54,ml
962,8.913,0.04223,0.14,48,1.53,ml
963,9.167,0.08004,0.13,138,0.67,ml
964,7.799,0.05562,0.11,64,0.88,ml
965,15.136,0.06455,0.16,131,1.22,ml
966,12.042,0.06077,0.14,87,1.1,ml
967,1.782,0.04527,0.17,39,1.93,ml
968,3.887,0.09771,0.1,88,1.12,ml
969,11.373,0.03786,0.14,102,0.8,ml
970,15.567,0.0725,0.06,76,0.27,ml
971,17.094,0.04877,0.14,38,1.17,ml
972,12.731,0.03548,0.11,105,0.55,ml
973,16.357,0.07603,0.13,80,0.58,ml
974,2.876,0.02838,0.11,85,0.66,ml
975,13.878,0.05493,0.15,82,1.07,ml
976,9.346,0.05773,0.1,242,1.24,ml
977,9.696,0.1073,0.1,241,1.28,ml
978,9.222,0.05827,0.14,73,0.2,ml
979,9.576,0.04364,0.11,224,1.98,ml
980,17.797,0.04305,0.13,49,0.84,ml
981,7.807,0.06074,0.13,48,1.54,ml
982,9.696,0.04213,0.1,224,2.15,ml
983,13.173,0.1145,0.08,63,0.53,ml
984,17.582,0.0501,0.11,94,0.72,ml
985,15.485,0.01053,0.11,91,0.52,ml
986,19.342,0.02787,0.09,74,0.91,ml
987,6.807,0.02925,0.08,82,0.83,ml
988,7.033,0.01366,0.14,42,1.87,ml
989,19.122,0.09023,0.14,28,1.54,ml
990,15.325,0.04069,0.14,84,1.22,ml
991,8.82,0.07752,0.12,72,0.96,ml
992,12.925,0.1202,0.14,102,0.57,ml
993,10.502,0.05834,0.13,56,0.72,ml
994,15.308,0.05723,0.16,43,1.12,ml
995,14.628,0.0705,0.06,104,0.73,ml
996,8.261,0.03008,0.12,111,0.46,ml
997,11.568,0.03899,0.1,102,0.5,ml
998,9.437,0.04107,0.15,148,0.16,ml
999,8.477,0.03137,0.11,98,0.79,ml
1000,8.328,0.05348,0.13,155,0.34,ml
1001,14.628,0.06552,0.13,109,0.73,ml
1002,13.49,0.06702,0.13,92,0.63,ml
1003,11.411,0.07387,0.11,96,0.68,ml
1004,8.704,0.02493,0.16,28,1.91,ml
1005,6.707,0.1514,0.13,111,0.78,ml
1006,16.027,0.06939,0.12,241,2.54,ml
1007,11.021,0.02209,0.11,113,0.57,ml
1008,16.684,0.07474,0.11,110,0.3,ml
1009,11.048,0.0257,0.08,242,0.32,ml
1010,12.631,0.01066,0.1,66,0.99,ml
1011,18.878,0.04844,0.07,78,0.68,ml
1012,12.095,0.1284,0.08,83,0.49,ml
1013,14.613,0.02129,0.14,90,1.06,ml
1014,8.408,0.08556,0.11,53,1.24,ml
1015,8.845,0.0538,0.13,143,0.21,ml
1016,11.988,0.0399,0.12,67,0.95,ml
1017,17.228,0.09205,0.13,22,1.58,ml
1018,16.894,0.06186,0.14,94,0.82,ml
1019,10.291,0.04704,0.11,80,0.36,ml
1020,13.195,0.01603,0.09,95,0.26,ml
1021,4.308,0.01862,0.16,69,1.67,ml
1022,18.551,0.09167,0.15,18,2.64,ml
1023,9.533,0.0357,0.16,51,0.93,ml
1024,16.643,0.1419,0.13,130,0.72,ml
1025,12.41,0.1315,0.19,68,1.06,ml
1026,12.963,0.04941,0.13,148,0.79,ml
1027,2.588,0.1183,0.14,40,2.37,ml
1028,12.458,0.07445,0.1,182,0.5,ml
1029,16.002,0.0004573,0.11,74,1.19,ml
1030,7.315,0.04252,0.19,30,2.25,ml
1031,9.147,0.06034,0.08,137,0.56,ml
1032,7.189,0.1859,0.15,73,1.78,ml
1033,3.992,0.4886,0.26,54,1.44,ml
1034,9.579,0.06911,0.2,126,1.0,ml
1035,13.841,0.06776,0.35,112,0.17,ml
1036,11.895,0.07329,0.23,53,0.72,ml
1037,9.122,0.1248,0.12,63,0.93,ml
1038,8.525,0.1706,0.14,181,0.66,ml
1039,17.289,0.02204,0.11,331,1.04,ml
1040,8.748,0.09673,0.1,105,0.55,ml
1041,11.65,0.01188,0.17,85,1.05,ml
1042,19.538,0.009447,0.1,59,0.83,ml
1043,4.356,0.07341,0.15,68,2.47,ml
1044,18.429,0.06426,0.13,36,1.62,ml
1045,8.044,0.07723,0.21,163,0.56,ml
1046,5.216,0.05602,0.09,92,0.66,ml
1047,14.337,0.1567,0.12,85,0.87,ml
1048,15.519,0.0384,0.11,218,0.43,ml
1049,16.267,0.05942,0.09,76,0.61,ml
1050,3.585,0.1352,0.08,90,1.0,ml
1051,11.201,0.04809,0.11,236,0.7,mh
1052,13.995,0.07505,0.06,100,0.07,ml
1053,5.362,0.03684,0.14,149,0.95,ml
1054,17.278,0.007085,0.06,191,0.58,ml
1055,4.621,0.1061,0.14,68,1.51,ml
1056,13.516,0.1133,0.11,113,0.55,ml
1057,16.577,0.1876,0.12,107,0.95,ml
1058,9.407,0.07864,0.14,32,2.57,ml
1059,4.656,0.04956,0.12,74,0.65,ml
1060,17.023,0.0689,0.06,72,0.39,ml
1061,16.528,0.04774,0.16,47,0.98,ml
1062,16.823,0.1372,0.08,73,0.33,ml
1063,9.227,0.02093,0.11,100,0.58,ml
1064,11.147,0.04577,0.29,60,2.36,ml
1065,14.981,0.1176,0.04,101,0.28,ml
1066,10.683,0.09598,0.18,37,1.26,ml
1067,19.046,0.06194,0.18,233,0.8,ml
1068,9.851,0.04345,0.09,143,0.44,ml
1069,7.979,0.03172,0.14,63,1.24,ml
1070,16.457,0.04757,0.05,87,0.86,ml
1071,3.729,0.06827,0.09,83,0.63,ml
1072,11.641,0.1036,0.08,124,0.74,ml
1073,8.085,0.05294,0.04,269,0.2,mh
1074,10.515,0.09753,0.08,123,0.94,ml
1075,11.145,0.09971,0.36,26,1.4,ml
1076,12.371,0.04537,0.12,132,0.69,ml
1077,11.701,0.06429,0.08,72,0.47,ml
1078,19.314,0.2412,0.13,105,0.77,ml
1079,10.321,0.05409,0.19,133,0.91,ml
1080,12.607,0.04519,0.17,86,1.33,ml
1081,7.954,0.0261,0.14,75,1.62,ml
1082,8.744,0.09493,0.16,109,1.0,ml
1083,4.196,0.03991,0.15,102,0.59,ml
1084,12.77,0.01846,0.11,60,0.65,ml
1085,13.167,0.02041,0.1,59,0.53,ml
1086,8.381,0.05725,0.11,97,0.57,ml
1087,14.498,0.4075,0.1,63,1.02,ml
1088,13.785,0.05602,0.21,248,2.16,ml
1089,5.489,0.04957,0.12,67,0.85,ml
1090,13.761,0.05371,0.13,67,0.46,ml
1091,5.464,0.1632,0.14,84,0.81,ml
1092,14.67,0.07129,0.12,106,0.91,ml
1093,11.834,0.0425,0.22,155,1.38,ml
1094,10.681,0.0424,0.13,98,1.02,ml
1095,9.548,0.0487,0.08,135,0.38,ml
1096,10.681,0.04616,0.08,99,1.63,ml
1097,10.212,0.03789,0.08,209,0.43,ml
1098,5.095,0.09181,0.09,104,0.49,ml
1099,3.387,0.08738,0.11,130,1.08,ml
1100,5.513,0.06809,0.18,204,0.85,ml
1101,11.168,0.03901,0.06,123,0.45,ml
1102,8.803,0.04224,0.09,196,0.47,ml
1103,8.784,0.1881,0.14,99,0.96,ml
1104,3.822,0.07509,0.1,74,1.5,ml
1105,14.954,0.07356,0.06,199,0.91,ml
1106,13.07,0.1015,0.14,44,1.04,ml
1107,10.398,0.08681,0.12,162,1.18,ml
1108,8.179,0.07432,0.18,56,0.7,ml
1109,2.813,0.108,0.09,134,0.78,ml
1110,13.079,0.1083,0.12,103,0.47,ml
1111,14.099,0.08304,0.16,103,1.13,ml
1112,8.153,0.04059,0.1,36,1.11,ml
1113,10.144,0.1082,0.12,98,0.71,ml
1114,8.941,0.0439,0.1,99,0.55,ml
1115,8.014,0.008977,0.15,21,2.54,ml
1116,19.198,0.01776,0.11,72,0.9,ml
1117,17.858,0.1373,0.07,142,0.29,ml
1118,12.817,0.05135,0.09,117,0.8,ml
1119,9.014,0.0657,0.13,41,1.55,ml
1120,11.221,0.05153,0.05,108,0.58,ml
1121,1.935,0.04292,0.13,27,2.16,ml
1122,4.032,0.04265,0.08,93,0.42,ml
1123,16.628,0.0271,0.1,70,1.11,ml
1124,9.164,0.03785,0.07,37,1.21,ml
1125,14.157,0.3114,0.05,72,0.5,ml
1126,12.499,0.05051,0.1,274,1.87,ml
1127,17.203,0.05754,0.09,74,0.82,ml
1128,13.708,0.1181,0.13,38,1.44,ml
1129,15.112,0.08603,0.13,53,1.26,ml
1130,13.84,0.02512,0.13,99,1.01,ml
1131,9.45,0.03045,0.12,34,1.59,ml
1132,12.795,0.04391,0.14,45,1.21,ml
1133,15.095,0.03878,0.08,68,0.75,ml
1134,14.827,0.03998,0.07,99,0.78,ml
1135,14.587,0.04821,0.07,73,1.38,ml
1136,14.895,0.04328,0.16,39,1.38,ml
1137,15.365,0.02084,0.12,66,0.53,ml
1138,9.95,0.1168,0.09,104,0.4,ml
1139,14.913,0.08974,0.09,107,0.44,ml
1140,17.193,0.0775,0.1,53,1.01,ml
1141,14.975,0.114,0.1,80,0.72,ml
1142,9.467,0.03628,0.12,145,1.22,ml
1143,16.237,0.03932,0.13,65,0.49,ml
1144,8.724,0.07333,0.11,97,0.58,ml
1145,8.26,0.06591,0.11,65,0.85,ml
1146,14.691,0.04805,0.13,128,0.32,ml
1147,3.749,0.0409,0.09,94,0.47,ml
1148,8.7,0.1133,0.14,126,0.54,ml
1149,9.381,0.02085,0.11,117,0.76,ml
1150,8.135,0.1065,0.12,105,0.94,ml
1151,1.393,0.07712,0.14,127,0.97,ml
1152,12.701,0.06501,0.12,36,1.27,ml
1153,15.578,0.02179,0.17,62,1.14,ml
1154,17.057,0.1075,0.1,115,0.59,ml
1155,9.651,0.1101,0.13,99,0.53,ml
1156,8.941,0.04088,0.11,126,0.57,ml
1157,8.875,0.04118,0.11,77,0.76,ml
1158,8.274,0.09743,0.13,122,0.97,ml
1159,9.607,0.127,0.07,126,0.61,ml
1160,10.747,0.09771,0.16,51,1.09,ml
1161,7.665,0.02313,0.14,203,1.06,ml
1162,11.147,0.1157,0.29,49,3.01,ml
1163,16.519,0.02343,0.12,143,1.25,ml
1164,13.148,0.06392,0.18,28,1.59,ml
1165,12.435,0.04036,0.16,125,0.85,ml
1166,9.58,0.04038,0.11,99,0.44,ml
1167,9.13,0.2135,0.13,99,0.86,ml
1168,-0.844,0.2395,0.15,61,1.57,ml
1169,6.109,0.03987,0.18,165,1.02,ml
1170,8.708,0.04246,0.14,168,0.49,ml
1171,8.995,0.05207,0.1,88,0.33,ml
1172,10.281,0.07016,0.11,77,0.39,ml
1173,8.079,0.1051,0.13,114,1.1,ml
1174,12.456,0.1479,0.16,151,0.61,ml
1175,5.596,0.0818,0.16,59,1.01,ml
1176,18.017,0.06259,0.14,39,1.25,ml
1177,12.431,0.05951,0.17,117,1.18,ml
1178,12.948,0.06199,0.15,124,0.37,ml
1179,13.058,0.06209,0.15,127,0.22,ml
1180,12.827,0.06222,0.18,149,0.34,ml
1181,12.738,0.06096,0.17,127,0.6,ml
1182,13.198,0.04138,0.18,125,0.45,ml
1183,9.147,0.0465,0.13,99,0.32,ml
1184,13.293,0.0918,0.11,73,0.24,ml
1185,11.53,0.04055,0.17,204,0.68,ml
1186,9.117,0.1184,0.13,99,0.94,ml
1187,12.215,0.07147,0.13,287,0.77,ml
1188,11.092,0.08598,0.13,48,1.98,ml
1189,7.34,0.04375,0.18,83,1.15,ml
1190,9.528,0.04347,0.09,137,0.44,ml
1191,10.338,0.04424,0.13,123,0.77,ml
1192,9.878,0.04343,0.09,135,0.44,ml
1193,9.718,0.05919,0.08,137,0.59,ml
1194,15.851,0.06633,0.06,142,0.31,ml
1195,3.207,0.1545,0.11,193,0.3,mh
1196,7.951,0.03854,0.15,252,0.68,ml
1197,8.618,0.0214,0.09,87,0.46,ml
1198,9.648,0.03846,0.06,105,0.0,ml
1199,9.185,0.04994,0.11,97,0.44,ml
1200,4.007,0.06935,0.16,54,1.25,ml
1201,17.445,0.05974,0.18,32,1.83,ml
1202,14.49,0.06177,0.11,96,0.86,ml
1203,14.898,0.04228,0.13,97,0.87,ml
1204,9.088,0.05891,0.09,99,0.9,mh
1205,14.45,0.04111,0.12,103,0.22,ml
1206,9.368,0.06002,0.13,99,0.22,ml
1207,13.058,0.02588,0.15,98,0.7,ml
1208,14.303,0.07193,0.15,53,1.17,ml
1209,10.592,0.07072,0.15,103,1.17,ml
1210,12.99,0.07096,0.07,226,0.51,ml
1211,8.402,0.06292,0.17,102,0.84,ml
1212,11.152,0.07345,0.45,104,1.09,ml
1213,10.892,0.07054,0.16,48,1.6,mh
1214,10.792,0.1112,0.16,53,1.47,ml
1215,6.804,0.03732,0.06,103,0.87,ml
1216,9.265,0.1544,0.14,156,0.52,ml
1217,2.739,0.05386,0.12,75,0.91,ml
1218,14.528,0.05263,0.11,69,0.96,ml
1219,13.979,0.08632,0.04,82,-0.02,ml
1220,16.247,0.05102,0.15,95,1.08,ml
1221,13.725,0.06729,0.04,74,0.61,ml
1222,11.008,0.04045,0.09,51,1.29,ml
1223,8.148,0.02963,0.09,92,0.47,ml
1224,17.148,0.04316,0.04,165,0.53,ml
1225,9.618,0.08495,0.08,137,0.45,ml
1226,5.301,0.08697,0.11,112,1.0,ml
1227,6.573,0.07285,0.12,113,0.97,ml
1228,11.735,0.04233,0.08,144,0.45,ml
1229,16.908,0.06826,0.12,37,1.44,ml
1230,14.519,0.06762,0.02,104,0.35,ml
1231,11.371,0.0662,0.02,126,-0.05,ml
1232,12.404,0.04346,0.07,54,0.93,ml
1233,8.794,0.04028,0.12,139,0.4,ml
1234,10.294,0.05178,0.05,80,0.26,ml
1235,13.345,0.01523,0.07,61,0.72,ml
1236,2.402,0.06444,0.09,114,1.36,ml
1237,13.437,0.01051,0.1,45,1.11,ml
1238,19.052,0.008274,0.11,175,0.49,ml
1239,9.433,0.0528,0.05,126,0.39,ml
1240,16.673,0.1207,0.05,87,0.47,ml
1241,15.424,0.05093,0.15,57,0.72,ml
1242,8.821,0.06574,0.1,64,0.79,ml
1243,12.588,0.0779,0.18,55,1.36,ml
1244,18.445,0.1042,0.09,64,0.89,ml
1245,2.42,0.08167,0.17,118,1.25,ml
1246,15.451,0.07583,0.07,161,0.64,ml
1247,15.931,0.02997,0.15,43,1.23,ml
1248,14.343,0.1264,0.17,123,0.82,ml
1249,14.502,0.06679,0.12,51,1.03,ml
1250,12.213,0.06811,0.12,55,1.01,ml
1251,11.29,0.05343,0.13,137,0.39,ml
1252,8.205,0.1213,0.21,79,1.42,ml
1253,11.576,0.1128,0.13,155,0.58,ml
