,Depth,Distance to Epicenter,Root Mean Square,Azimuthal Gap,Magnitude,Waveform
0,3.034,0.1122,0.07,166,0.81,ml
1,9.629,0.0244,0.23,76,1.5,ml
2,6.393,0.03365,0.16,141,0.66,ml
3,9.676,0.06432,0.07,90,0.6,ml
4,4.092,0.2075,0.18,95,1.19,ml
5,6.239,0.06864,0.24,258,0.13,ml
6,10.474,0.1011,0.09,171,0.36,ml
7,10.141,0.0413,0.14,29,1.67,ml
8,13.034,0.07081,0.1,129,0.56,ml
9,5.746,0.01396,0.14,112,0.77,ml
10,15.352,0.131,0.15,84,0.44,ml
11,11.619,0.02368,0.13,87,0.15,ml
12,12.928,0.05271,0.18,26,2.14,ml
13,13.018,0.05405,0.18,37,2.38,ml
14,4.652,0.167,0.18,36,1.98,ml
15,8.954,0.09852,0.09,82,0.41,ml
16,10.229,0.03575,0.06,108,0.82,ml
17,9.694,0.1069,0.1,103,0.67,ml
18,8.194,0.09916,0.05,86,0.14,ml
19,6.499,0.0723,0.13,56,0.96,ml
20,5.106,0.0753,0.07,85,0.51,ml
21,4.179,0.03451,0.15,93,1.22,ml
22,12.804,0.06526,0.16,87,1.36,ml
23,14.104,0.06804,0.21,92,1.09,ml
24,15.204,0.07466,0.15,107,0.83,ml
25,13.504,0.07658,0.19,108,1.14,ml
26,6.569,0.02651,0.14,102,1.1,ml
27,5.747,0.01357,0.16,85,0.97,ml
28,2.079,0.06123,0.07,117,1.07,ml
29,3.869,0.05895,0.15,89,1.58,ml
30,6.603,0.01633,0.19,167,0.48,ml
31,4.256,0.1677,0.12,254,1.01,ml
32,6.937,0.06554,0.06,234,0.63,ml
33,12.758,0.04246,0.13,124,0.75,ml
34,7.618,0.02737,0.14,44,1.57,ml
35,6.294,0.02241,0.19,86,1.15,ml
36,9.811,0.1009,0.11,132,1.07,ml
37,3.533,0.06725,0.17,60,2.18,ml
38,8.773,0.1234,0.15,124,0.91,ml
39,11.459,0.02235,0.09,96,0.56,ml
40,11.609,0.02316,0.11,71,1.13,ml
41,8.731,0.04942,0.06,138,0.64,ml
42,8.909,0.04756,0.06,253,0.77,ml
43,13.731,0.01281,0.16,79,0.66,ml
44,11.269,0.02531,0.08,103,0.58,ml
45,11.689,0.02543,0.09,75,0.58,ml
46,9.864,0.09186,0.1,81,1.22,ml
47,11.279,0.02474,0.07,87,0.45,ml
48,11.359,0.02422,0.07,83,0.34,ml
49,12.816,0.01306,0.06,135,0.33,ml
50,5.272,1.081,0.15,329,2.39,ml
51,6.606,0.03107,0.08,262,0.81,ml
52,6.959,0.06068,0.08,130,0.15,ml
53,8.11,0.04377,0.15,77,1.36,ml
54,16.854,0.1153,0.1,140,0.95,ml
55,7.448,0.01537,0.11,103,0.65,ml
56,12.206,0.1065,0.12,166,0.64,ml
57,13.655,0.0328,0.12,76,0.1,ml
58,14.043,0.02619,0.17,173,0.79,ml
59,8.862,0.2097,0.16,85,1.19,ml
60,8.324,0.0255,0.25,59,1.37,ml
61,8.548,0.01451,0.16,108,1.19,ml
62,4.699,0.02244,0.05,130,0.03,ml
63,6.766,0.02433,0.13,135,1.23,ml
64,11.673,0.1703,0.12,223,0.72,ml
65,4.089,0.06536,0.17,91,1.16,ml
66,9.631,0.02714,0.13,203,1.62,ml
67,7.951,0.04545,0.08,74,0.52,ml
68,4.162,0.2086,0.16,96,1.22,ml
69,6.496,0.02993,0.1,260,0.67,ml
70,8.074,0.01653,0.21,85,1.38,ml
71,11.094,0.02251,0.06,96,0.12,ml
72,7.651,0.07413,0.09,92,0.41,ml
73,6.932,0.08069,0.18,136,0.28,ml
74,4.362,0.206,0.12,95,1.04,ml
75,4.352,0.2076,0.14,95,1.02,ml
76,4.422,0.2094,0.15,95,1.15,ml
77,5.864,0.0173,0.2,85,1.16,ml
78,10.006,0.001878,0.12,134,0.48,ml
79,11.74,0.03414,0.18,27,2.1,ml
80,7.469,0.119,0.26,49,2.52,ml
81,11.371,0.0721,0.2,180,0.62,ml
82,6.979,0.01917,0.23,58,1.17,ml
83,7.029,0.00978,0.15,84,1.02,ml
84,5.804,0.01357,0.24,85,1.35,ml
85,8.85,0.04619,0.1,146,0.37,ml
86,12.033,0.1368,0.2,92,1.37,ml
87,8.499,0.01465,0.28,169,0.58,ml
88,14.095,0.09977,0.22,15,2.83,ml
89,4.26,0.2089,0.18,111,0.82,ml
90,5.704,0.008635,0.14,94,1.11,ml
91,4.192,0.21,0.17,83,1.16,ml
92,14.466,0.006793,0.07,77,0.47,ml
93,9.379,0.1213,0.22,79,1.18,ml
94,5.884,0.01342,0.24,85,1.08,ml
95,9.56,0.07436,0.12,241,0.7,ml
96,10.059,0.03944,0.25,71,2.54,ml
97,8.885,0.01023,0.16,90,0.65,ml
98,13.263,0.03453,0.16,187,0.65,ml
99,9.098,0.1472,0.1,229,0.35,ml
100,7.079,0.01574,0.13,85,1.26,ml
101,9.474,0.008448,0.16,85,1.09,ml
102,14.337,0.1271,0.14,79,0.65,ml
103,4.109,0.05249,0.17,79,1.4,ml
104,12.097,0.1249,0.13,78,1.3,ml
105,12.207,0.1168,0.16,70,1.61,ml
106,8.33,0.03794,0.07,153,1.07,ml
107,8.996,0.06461,0.1,70,0.11,ml
108,8.03,0.03889,0.05,147,0.11,ml
109,6.509,0.02498,0.2,71,1.74,ml
110,2.592,0.03637,0.2,85,1.2,ml
111,16.422,0.1142,0.08,85,0.81,ml
112,7.758,0.04219,0.18,63,1.18,ml
113,11.637,0.09922,0.13,96,0.31,ml
114,4.119,0.06859,0.21,51,1.91,ml
115,9.319,0.0244,0.2,71,1.41,ml
116,9.973,0.02825,0.12,101,1.44,ml
117,8.868,0.1188,0.16,27,1.98,ml
118,8.984,0.1157,0.18,34,1.63,ml
119,6.612,0.1651,0.22,42,1.2,ml
120,9.173,0.1486,0.11,162,0.52,ml
121,12.393,0.01826,0.18,102,1.01,ml
122,5.807,0.09191,0.16,49,1.32,ml
123,11.98,0.03845,0.17,99,0.93,ml
124,6.989,0.07508,0.13,53,0.68,ml
125,9.476,0.06536,0.12,50,0.81,ml
126,13.372,0.0577,0.12,132,0.69,ml
127,13.08,0.01227,0.13,109,0.89,ml
128,7.539,0.07794,0.13,63,0.76,ml
129,10.087,0.1328,0.13,79,0.85,ml
130,6.477,0.1438,0.17,130,0.83,ml
131,11.527,0.09814,0.21,102,1.13,ml
132,9.567,0.137,0.09,156,0.68,ml
133,11.369,0.04375,0.08,143,0.49,ml
134,7.659,0.07973,0.13,64,1.17,ml
135,13.002,0.09772,0.15,43,1.14,ml
136,5.866,0.01882,0.13,128,0.51,ml
137,6.61,0.1427,0.2,127,0.91,ml
138,11.859,0.03258,0.1,102,0.96,ml
139,11.881,0.1267,0.16,38,1.56,ml
140,11.751,0.124,0.16,50,1.21,ml
141,11.881,0.125,0.16,117,1.2,ml
142,9.636,0.09429,0.09,227,0.84,ml
143,11.086,0.03196,0.17,156,1.01,ml
144,18.474,0.233,0.18,90,2.79,ml
145,7.309,0.1141,0.23,86,1.16,ml
146,11.54,0.0522,0.17,130,1.19,ml
147,4.367,0.1425,0.18,127,1.05,ml
148,5.823,0.01709,0.19,91,1.44,ml
149,12.363,0.03266,0.12,163,1.17,ml
150,9.894,0.1045,0.21,57,1.78,ml
151,12.176,0.04385,0.17,155,1.02,ml
152,12.845,0.4206,0.1,273,2.08,ml
153,10.896,0.02734,0.15,50,0.93,ml
154,10.583,0.03073,0.17,96,1.06,ml
155,9.301,0.1417,0.19,93,1.4,ml
156,10.968,0.1149,0.18,109,1.12,ml
157,4.9,0.15,0.19,116,0.92,ml
158,8.58,0.1383,0.2,112,1.33,ml
159,14.493,0.431,0.18,187,1.62,ml
160,7.249,0.1168,0.17,78,1.02,ml
161,13.398,0.05361,0.16,123,1.11,ml
162,7.461,0.06573,0.05,132,0.4,ml
163,3.648,0.03179,0.14,88,1.65,ml
164,11.493,0.02084,0.24,69,1.77,ml
165,11.459,0.02268,0.21,69,2.03,ml
166,4.093,0.03188,0.15,89,1.23,ml
167,7.723,0.01553,0.2,112,1.28,ml
168,5.354,0.08644,0.17,50,1.32,ml
169,9.998,0.01077,0.14,31,1.74,ml
170,6.701,0.03025,0.21,115,1.14,ml
171,7.829,0.07017,0.1,89,0.45,ml
172,4.652,0.03308,0.12,152,1.08,ml
173,13.018,0.03125,0.15,86,1.92,ml
174,12.918,0.02869,0.15,60,1.76,ml
175,7.419,0.07838,0.12,52,1.03,ml
176,7.849,0.07869,0.16,53,1.38,ml
177,7.099,0.02156,0.21,59,1.89,ml
178,6.883,0.05338,0.14,65,1.06,ml
179,12.508,0.1005,0.11,119,1.05,ml
180,13.108,0.1026,0.13,119,0.49,ml
181,9.636,0.1046,0.24,131,0.92,ml
182,6.383,0.02163,0.21,87,1.23,ml
183,7.269,0.07924,0.11,63,0.68,ml
184,9.719,0.1062,0.14,233,0.63,ml
185,13.124,0.1162,0.19,58,1.18,ml
186,14.998,0.04114,0.11,108,0.58,ml
187,7.85,0.09329,0.18,28,1.94,ml
188,9.551,0.05894,0.14,39,1.44,ml
189,10.558,0.01561,0.14,83,1.11,ml
190,5.916,0.09096,0.1,79,0.54,ml
191,6.929,0.02002,0.2,70,1.26,ml
192,4.401,0.1215,0.17,71,1.43,ml
193,5.342,0.1239,0.15,89,0.99,ml
194,8.689,0.02918,0.24,49,2.26,ml
195,20.416,0.2881,0.18,114,2.12,ml
196,14.505,0.1013,0.16,120,0.72,ml
197,14.325,0.09703,0.15,61,1.62,ml
198,7.291,0.08998,0.19,136,1.31,ml
199,18.109,0.233,0.12,105,2.08,ml
200,6.995,0.07688,0.15,66,0.95,ml
201,3.989,0.1177,0.22,83,1.67,ml
202,8.023,0.07875,0.1,90,1.08,ml
203,7.799,0.07975,0.15,53,1.54,ml
204,10.538,0.09762,0.13,201,0.76,ml
205,13.64,0.01317,0.19,116,1.6,ml
206,7.314,0.08869,0.2,51,1.14,ml
207,4.207,0.1483,0.16,94,1.07,ml
208,5.406,0.07468,0.12,51,1.08,ml
209,10.355,0.1312,0.21,119,0.96,ml
210,7.977,0.07993,0.19,28,2.13,ml
211,21.266,0.5909,0.46,228,2.5,ml
212,18.852,0.158,0.21,260,1.08,ml
213,0.739,0.06518,0.13,95,0.38,ml
214,8.518,0.01188,0.17,109,0.64,ml
215,12.08,0.03349,0.17,173,0.85,ml
216,6.944,0.08651,0.19,48,1.49,ml
217,12.249,0.08674,0.16,91,1.24,ml
218,7.163,0.03322,0.23,49,1.9,ml
219,8.694,0.05891,0.11,82,0.62,ml
220,12.128,0.03867,0.16,150,0.58,ml
221,10.864,0.0956,0.11,56,0.34,ml
222,7.718,0.03345,0.16,159,0.92,ml
223,13.322,0.1025,0.14,83,0.85,ml
224,14.608,0.1539,0.14,117,0.8,ml
225,8.644,0.1109,0.17,166,0.95,ml
226,7.184,0.08905,0.19,56,1.11,ml
227,10.078,0.05567,0.16,123,0.7,ml
228,13.521,0.1221,0.17,79,1.45,ml
229,2.269,0.03105,0.15,61,0.87,ml
230,7.419,0.0676,0.09,88,0.46,ml
231,8.787,0.1152,0.1,152,0.18,ml
232,12.281,0.1611,0.18,56,1.75,ml
233,8.671,0.06701,0.14,88,0.3,ml
234,12.173,0.03995,0.16,79,0.43,ml
235,14.413,0.007739,0.08,78,0.78,ml
236,6.754,0.09121,0.19,48,1.62,ml
237,6.124,0.08887,0.2,47,1.43,ml
238,12.643,0.04001,0.11,80,1.01,ml
239,12.263,0.0381,0.09,108,0.79,ml
240,11.461,0.03657,0.09,239,0.35,ml
241,4.075,0.1224,0.18,94,1.08,ml
242,4.216,0.01584,0.14,85,0.96,ml
243,5.783,0.01703,0.15,86,1.34,ml
244,5.308,0.02005,0.14,105,1.03,ml
245,4.814,0.09127,0.22,48,1.4,ml
246,5.808,0.02425,0.16,104,0.98,ml
247,8.299,0.1292,0.17,73,1.27,ml
248,8.079,0.1323,0.21,74,1.68,ml
249,7.611,0.02619,0.14,162,0.94,ml
250,13.499,0.0214,0.14,94,0.94,ml
251,13.911,0.02797,0.16,42,2.24,ml
252,9.436,0.05968,0.12,206,1.9,ml
253,9.324,0.06109,0.11,82,0.39,ml
254,11.871,0.1087,0.11,158,0.79,ml
255,9.859,0.04,0.1,72,0.43,ml
256,6.673,0.02567,0.15,86,1.4,ml
257,6.309,0.02858,0.2,72,2.03,ml
258,12.291,0.101,0.09,100,0.54,ml
259,7.799,0.08004,0.11,64,0.88,ml
260,12.042,0.06455,0.14,87,1.1,ml
261,8.254,0.08693,0.19,58,2.43,ml
262,11.588,0.1331,0.2,81,1.23,ml
263,9.346,0.05493,0.1,242,1.24,ml
264,9.696,0.05773,0.1,241,1.28,ml
265,9.576,0.05827,0.11,224,1.98,ml
266,7.094,0.08671,0.18,29,2.41,ml
267,9.696,0.06074,0.1,224,2.15,ml
268,8.779,0.01551,0.23,85,1.12,ml
269,15.325,0.09023,0.14,84,1.22,ml
270,16.027,0.1514,0.12,241,2.54,ml
271,15.779,0.1429,0.17,77,1.12,ml
272,10.291,0.06186,0.11,80,0.36,ml
273,9.533,0.09167,0.16,51,0.93,ml
274,12.41,0.1419,0.19,68,1.06,ml
275,7.699,0.6863,0.14,332,2.24,ml
276,13.841,0.06911,0.35,112,0.17,ml
277,5.216,0.07723,0.09,92,0.66,ml
278,13.516,0.1061,0.11,113,0.55,ml
279,4.656,0.07864,0.12,74,0.65,ml
280,9.227,0.1372,0.11,100,0.58,ml
281,9.851,0.06194,0.09,143,0.44,ml
282,3.729,0.04757,0.09,83,0.63,ml
283,11.145,0.09753,0.36,26,1.4,ml
284,12.371,0.09971,0.12,132,0.69,ml
285,7.174,0.09072,0.2,82,1.55,ml
286,10.209,0.068,0.2,99,1.21,ml
287,11.389,0.07277,0.2,100,0.9,ml
288,4.229,0.06121,0.18,88,1.4,ml
289,13.785,0.4075,0.21,248,2.16,ml
290,5.464,0.05371,0.14,84,0.81,ml
291,6.173,0.0192,0.21,86,1.39,ml
292,10.681,0.0425,0.13,98,1.02,ml
293,10.212,0.04616,0.08,209,0.43,ml
294,5.095,0.03789,0.09,104,0.49,ml
295,8.179,0.08681,0.18,56,0.7,ml
296,10.089,0.07059,0.19,100,1.23,ml
297,12.817,0.1373,0.09,117,0.8,ml
298,4.032,0.04292,0.08,93,0.42,ml
299,9.164,0.0271,0.07,37,1.21,ml
300,6.483,0.02589,0.18,88,1.31,ml
301,3.749,0.04805,0.09,94,0.47,ml
302,10.368,0.1264,0.18,88,1.04,ml
303,10.747,0.127,0.16,51,1.09,ml
304,13.148,0.02343,0.18,28,1.59,ml
305,9.547,0.1393,0.16,111,1.14,ml
306,10.281,0.05207,0.11,77,0.39,ml
307,12.456,0.1051,0.16,151,0.61,ml
308,17.326,0.2944,0.26,110,2.73,ml
309,9.433,0.008274,0.05,126,0.39,ml
310,15.424,0.1207,0.15,57,0.72,ml
311,12.588,0.06574,0.18,55,1.36,ml
312,14.343,0.02997,0.17,123,0.82,ml
313,11.576,0.1213,0.13,155,0.58,ml
