,Depth,Distance to Epicenter,Root Mean Square,Azimuthal Gap,Magnitude,Waveform
0,0.021,0.04505,0.12,74,1.94,md
1,9.058,0.08108,0.12,143,1.93,md
2,16.627,0.03964,0.18,66,2.0,md
3,19.341,0.07297,0.01,86,1.19,md
4,15.806,0.05225,0.14,54,2.26,md
5,4.648,0.05946,0.06,113,1.08,md
6,10.21,0.03964,0.06,77,1.39,md
7,3.903,0.06396,0.07,113,1.58,md
8,19.586,0.09009,0.18,71,2.15,md
9,8.707,0.05225,0.06,142,1.18,md
10,5.6,0.04324,0.09,85,0.6,md
11,6.11,0.05135,0.07,89,0.9,md
12,16.367,0.03243,0.08,97,1.79,md
13,5.949,0.04955,0.04,139,0.84,md
14,-0.268,0.02342,0.11,55,1.39,md
15,2.119,0.08288,0.16,142,1.14,md
