,Depth,Distance to Epicenter,Root Mean Square,Azimuthal Gap,Magnitude,Waveform
0,3.034,0.1122,0.07,166.0,0.81,ml
1,6.607,0.09823,0.09,169.0,1.25,ml
2,0.052,0.05047,0.12,173.0,0.8,ml
3,5.599,0.1335,0.13,133.0,0.69,ml
4,3.026,0.06201,0.16,138.0,0.07,ml
5,17.065,0.06034,0.11,63.0,1.38,ml
6,0.215,0.1856,0.11,203.0,1.14,ml
7,18.627,0.07317,0.14,40.0,1.15,ml
8,9.629,0.0244,0.23,76.0,1.5,ml
9,14.842,0.1243,0.15,151.0,0.28,ml
10,12.852,0.1182,0.09,105.0,1.67,ml
11,10.962,0.0946,0.08,96.0,0.52,ml
12,18.027,0.08631,0.19,62.0,1.51,ml
13,12.874,0.05365,0.14,23.0,1.84,ml
14,13.307,0.03687,0.06,55.0,1.27,ml
15,13.867,0.04347,0.12,42.0,1.4,ml
16,14.007,0.04426,0.12,39.0,1.45,ml
17,13.577,0.04157,0.04,134.0,0.35,ml
18,13.687,0.03828,0.07,64.0,0.95,ml
19,1.688,0.1099,0.13,69.0,1.21,ml
20,6.393,0.03365,0.16,141.0,0.66,ml
21,7.853,0.04814,0.12,69.0,0.81,ml
22,16.091,0.07701,0.1,76.0,0.81,ml
23,2.571,0.07406,0.1,106.0,0.91,ml
24,7.336,0.09995,0.11,90.0,1.29,ml
25,9.676,0.06432,0.07,90.0,0.6,ml
26,12.306,0.1934,0.07,172.0,0.64,ml
27,4.138,0.2022,0.29,203.0,1.51,ml
28,4.092,0.2075,0.18,95.0,1.19,ml
29,4.592,0.0926,0.11,97.0,1.06,ml
30,1.371,0.02241,0.12,161.0,0.02,ml
31,1.151,0.02572,0.1,169.0,0.35,ml
32,1.767,0.08194,0.15,120.0,0.68,ml
33,7.872,0.1195,0.05,288.0,0.37,ml
34,13.697,0.0691,0.16,210.0,0.69,ml
35,17.188,0.03935,0.07,197.0,0.8,ml
36,4.84,0.127,0.4,53.0,2.35,ml
37,6.564,0.08457,0.11,124.0,0.61,ml
38,9.077,0.08399,0.09,115.0,1.13,ml
39,19.523,0.07506,0.11,102.0,0.92,ml
40,1.601,0.06444,0.13,107.0,1.34,ml
41,12.425,0.07241,0.07,88.0,0.08,ml
42,11.368,0.2238,0.08,95.0,0.59,ml
43,15.934,0.006735,0.11,171.0,0.79,ml
44,1.406,0.06864,0.08,112.0,0.64,ml
45,6.239,0.09164,0.24,258.0,0.13,ml
46,8.678,0.08973,0.15,144.0,0.52,ml
47,0.036,0.03602,0.05,192.0,0.69,ml
48,17.21,0.03043,0.11,54.0,1.23,ml
49,1.021,0.02863,0.11,165.0,0.49,ml
50,1.781,0.06346,0.2,103.0,1.21,ml
51,5.628,0.02151,0.1,80.0,1.44,ml
52,5.728,0.008881,0.11,141.0,0.7,ml
53,13.591,0.1011,0.08,101.0,0.56,ml
54,10.474,0.04203,0.09,171.0,0.36,ml
55,9.668,0.0413,0.1,138.0,0.36,ml
56,10.141,0.009416,0.14,29.0,1.67,ml
57,3.498,0.008071,0.12,126.0,1.68,ml
58,1.041,0.003018,0.09,113.0,0.9,ml
59,1.241,0.03733,0.1,86.0,1.0,ml
60,16.457,0.1311,0.09,78.0,0.8,ml
61,16.93,0.1684,0.1,124.0,0.79,ml
62,3.998,0.1275,0.1,68.0,1.19,ml
63,8.438,0.0982,0.11,177.0,0.97,ml
64,3.805,0.07081,0.09,276.0,0.57,ml
65,13.034,0.1809,0.1,129.0,0.56,ml
66,1.237,0.0463,0.19,72.0,1.72,ml
67,13.715,0.02072,0.1,80.0,0.11,ml
68,5.017,0.03682,0.26,76.0,1.5,ml
69,14.987,0.09442,0.05,82.0,0.16,ml
70,7.155,0.1041,0.08,116.0,0.36,ml
71,3.531,0.04036,0.13,120.0,0.87,ml
72,10.725,0.07958,0.12,41.0,1.71,ml
73,4.408,0.0235,0.16,82.0,1.3,ml
74,0.611,0.01089,0.11,157.0,-0.07,ml
75,0.821,0.009166,0.08,110.0,0.67,ml
76,0.971,0.004653,0.12,106.0,0.2,ml
77,2.344,0.006787,0.16,105.0,0.31,ml
78,0.971,0.01652,0.09,108.0,0.62,ml
79,8.578,0.006156,0.05,162.0,0.83,ml
80,-1.354,0.03939,0.18,106.0,0.51,ml
81,13.778,0.04386,0.11,77.0,0.23,ml
82,7.648,0.05053,0.14,98.0,1.18,ml
83,6.748,0.01204,0.13,32.0,2.07,ml
84,8.178,0.07722,0.21,51.0,1.44,ml
85,-1.607,0.0407,0.13,85.0,1.07,ml
86,8.807,0.01031,0.12,98.0,1.0,ml
87,18.971,0.1479,0.07,93.0,0.69,ml
88,5.997,0.02998,0.11,183.0,0.71,ml
89,16.017,0.01396,0.07,53.0,1.24,ml
90,5.746,0.01021,0.14,112.0,0.77,ml
91,9.214,0.009477,0.17,122.0,0.93,ml
92,8.807,0.1139,0.12,92.0,0.78,ml
93,4.881,0.02391,0.14,105.0,0.16,ml
94,6.352,0.04068,0.26,67.0,1.28,ml
95,8.497,0.02764,0.14,134.0,0.94,ml
96,6.306,0.06649,0.27,31.0,1.8,ml
97,10.508,0.131,0.05,115.0,0.61,ml
98,15.352,0.02368,0.15,84.0,0.44,ml
99,11.619,0.02021,0.13,87.0,0.15,ml
100,6.857,0.05271,0.11,79.0,0.38,ml
101,12.928,0.09407,0.18,26.0,2.14,ml
102,14.845,0.05405,0.11,45.0,0.99,ml
103,13.018,0.03256,0.18,37.0,2.38,ml
104,15.877,0.09371,0.05,78.0,0.41,ml
105,5.664,0.167,0.13,120.0,0.81,ml
106,4.652,0.09852,0.18,36.0,1.98,ml
107,8.954,0.04064,0.09,82.0,0.41,ml
108,8.197,0.03575,0.13,99.0,1.04,ml
109,10.229,0.1391,0.06,108.0,0.82,ml
110,4.019,0.02063,0.12,71.0,0.97,ml
111,2.284,0.09334,0.25,46.0,1.7,ml
112,1.915,0.061,0.12,226.0,1.39,ml
113,10.77,0.04039,0.15,44.0,0.84,ml
114,9.057,0.1069,0.09,136.0,0.33,ml
115,9.694,0.06752,0.1,103.0,0.67,ml
116,17.708,0.04235,0.09,42.0,0.82,ml
117,10.871,0.06396,0.14,79.0,1.43,ml
118,15.459,0.1686,0.1,39.0,1.49,ml
119,6.093,0.09916,0.1,150.0,0.4,ml
120,8.194,0.0723,0.05,86.0,0.14,ml
121,6.499,0.0753,0.13,56.0,0.96,ml
122,5.106,0.03451,0.07,85.0,0.51,ml
123,4.179,0.01671,0.15,93.0,1.22,ml
124,12.177,0.1401,0.13,92.0,0.5,ml
125,7.492,0.1075,0.08,83.0,1.23,ml
126,7.433,0.2942,0.06,205.0,0.5,ml
127,5.977,0.008683,0.06,191.0,1.06,ml
128,12.325,0.06526,0.09,43.0,1.66,ml
129,12.804,0.04244,0.16,87.0,1.36,ml
130,18.577,0.06804,0.09,53.0,0.87,ml
131,14.104,0.07466,0.21,92.0,1.09,ml
132,15.204,0.07658,0.15,107.0,0.83,ml
133,13.504,0.045,0.19,108.0,1.14,ml
134,17.558,0.02651,0.12,38.0,1.48,ml
135,6.569,0.0559,0.14,102.0,1.1,ml
136,13.811,0.01357,0.07,69.0,0.81,ml
137,5.747,0.08116,0.16,85.0,0.97,ml
138,13.474,0.05259,0.07,135.0,0.66,ml
139,5.893,0.1053,0.11,122.0,1.03,ml
140,11.898,0.1272,0.05,160.0,0.48,ml
141,7.706,0.08388,0.09,170.0,0.74,ml
142,-0.275,0.06123,0.14,144.0,1.01,ml
143,2.079,0.08887,0.07,117.0,1.07,ml
144,16.995,0.05895,0.14,36.0,2.43,ml
145,3.869,0.08389,0.15,89.0,1.58,ml
146,6.512,0.05516,0.1,70.0,1.67,ml
147,16.159,0.08533,0.08,156.0,0.54,ml
148,5.612,0.0399,0.07,56.0,0.94,ml
149,5.542,0.05719,0.14,59.0,1.23,ml
150,8.363,0.0212,0.13,41.0,1.45,ml
151,0.081,0.02029,0.09,96.0,0.7,ml
152,0.521,0.0891,0.09,119.0,-0.1,ml
153,2.187,0.08849,0.07,157.0,0.16,ml
154,11.323,0.06515,0.14,110.0,0.79,ml
155,5.937,0.02543,0.11,159.0,1.13,ml
156,10.738,0.08074,0.06,136.0,0.13,ml
157,9.133,0.08009,0.12,107.0,0.73,ml
158,10.235,0.1596,0.1,65.0,0.91,ml
159,11.446,0.08525,0.08,43.0,1.41,ml
160,9.932,0.1106,0.13,91.0,0.56,ml
161,0.57,0.08465,0.12,39.0,1.14,ml
162,3.342,0.06233,0.14,93.0,0.88,ml
163,6.749,0.01509,0.08,84.0,0.75,ml
164,14.376,0.1698,0.08,97.0,0.57,ml
165,10.641,0.1177,0.17,42.0,2.1,ml
166,8.883,0.04176,0.14,82.0,1.26,ml
167,9.258,0.01633,0.09,136.0,0.27,ml
168,6.603,0.1188,0.19,167.0,0.48,ml
169,8.693,0.043,0.1,82.0,1.66,ml
170,8.697,0.06779,0.11,106.0,0.79,ml
171,15.459,0.1677,0.18,121.0,1.0,ml
172,4.256,0.06554,0.12,254.0,1.01,ml
173,6.937,0.08579,0.06,234.0,0.63,ml
174,11.786,0.06246,0.09,122.0,0.75,ml
175,7.436,0.08707,0.12,43.0,1.06,ml
176,0.962,0.04252,0.16,139.0,0.9,ml
177,9.638,0.04246,0.07,135.0,0.53,ml
178,12.758,0.0594,0.13,124.0,0.75,ml
179,6.744,0.01508,0.1,77.0,1.45,ml
180,1.368,0.06917,0.06,129.0,0.81,ml
181,14.978,0.02737,0.1,204.0,0.41,ml
182,7.618,0.0356,0.14,44.0,1.57,ml
183,16.738,0.1166,0.05,178.0,0.71,ml
184,8.965,0.08849,0.2,84.0,0.63,ml
185,3.759,0.02241,0.08,123.0,0.95,ml
186,6.294,0.0252,0.19,86.0,1.15,ml
187,13.296,0.1216,0.07,98.0,0.68,ml
188,1.757,0.06043,0.1,165.0,1.6,ml
189,9.872,0.0773,0.18,91.0,1.45,ml
190,15.744,0.07938,0.11,44.0,0.86,ml
191,15.904,0.07992,0.11,69.0,0.92,ml
192,14.974,0.05633,0.12,70.0,0.84,ml
193,11.634,0.04047,0.09,72.0,0.76,ml
194,10.587,0.1009,0.2,106.0,0.93,ml
195,9.811,0.07266,0.11,132.0,1.07,ml
196,12.72,0.08272,0.15,62.0,1.57,ml
197,2.642,0.02491,0.26,111.0,0.92,ml
198,1.905,0.06725,0.21,91.0,1.06,ml
199,3.533,0.06347,0.17,60.0,2.18,ml
200,7.641,0.009401,0.06,217.0,0.45,ml
201,8.578,0.04684,0.1,65.0,1.5,ml
202,14.711,0.1234,0.05,103.0,0.56,ml
203,8.773,0.07755,0.15,124.0,0.91,ml
204,0.891,0.1067,0.16,107.0,0.99,ml
205,13.035,0.08145,0.11,111.0,0.59,ml
206,6.913,0.05997,0.14,83.0,1.49,ml
207,9.15,0.1446,0.12,58.0,1.38,ml
208,12.974,0.06746,0.11,56.0,1.27,ml
209,14.612,0.1534,0.09,63.0,1.03,ml
210,5.394,0.02471,0.19,191.0,1.81,ml
211,18.527,0.06617,0.16,56.0,1.04,ml
212,11.168,0.1191,0.11,69.0,0.38,ml
213,9.314,0.07475,0.13,88.0,0.54,ml
214,8.421,0.09096,0.12,195.0,0.38,ml
215,2.247,0.119,0.05,158.0,0.74,ml
216,9.908,0.06061,0.19,193.0,1.74,ml
217,4.192,0.01482,0.1,147.0,0.65,ml
218,3.481,0.02411,0.09,115.0,1.73,ml
219,12.251,0.03827,0.21,80.0,1.23,ml
220,15.497,0.5872,0.06,93.0,1.27,ml
221,3.646,0.02202,0.1,207.0,1.93,ml
222,14.309,0.0319,0.06,184.0,0.79,ml
223,8.516,0.02235,0.06,101.0,1.15,ml
224,11.459,0.02316,0.09,96.0,0.56,ml
225,11.609,0.04942,0.11,71.0,1.13,ml
226,8.731,0.04756,0.06,138.0,0.64,ml
227,8.909,0.1725,0.06,253.0,0.77,ml
228,5.253,0.03104,0.19,65.0,1.08,ml
229,7.522,0.04493,0.12,64.0,1.76,ml
230,6.829,0.01198,0.07,105.0,1.77,ml
231,0.787,0.01424,0.11,77.0,0.52,ml
232,1.486,0.01281,0.2,237.0,0.16,ml
233,13.731,0.02531,0.16,79.0,0.66,ml
234,11.269,0.02543,0.08,103.0,0.58,ml
235,11.689,0.09186,0.09,75.0,0.58,ml
236,9.864,0.02474,0.1,81.0,1.22,ml
237,11.279,0.04109,0.07,87.0,0.45,ml
238,8.877,0.02422,0.12,99.0,0.68,ml
239,11.359,0.01306,0.07,83.0,0.34,ml
240,12.816,0.01892,0.06,135.0,0.33,ml
241,17.687,0.05729,0.06,131.0,0.55,ml
242,4.76,0.1463,0.12,79.0,1.36,ml
243,-1.132,0.1071,0.11,143.0,1.34,ml
244,7.793,0.05528,0.07,94.0,0.73,ml
245,1.897,0.03125,0.04,217.0,0.71,ml
246,11.834,0.09745,0.08,280.0,0.59,ml
247,10.112,0.1786,0.06,101.0,0.87,ml
248,7.353,0.1782,0.07,78.0,2.19,ml
249,3.57,0.1037,0.06,76.0,1.67,ml
250,2.709,0.1038,0.1,39.0,3.68,ml
251,5.644,0.04722,0.18,223.0,1.52,ml
252,8.027,0.05818,0.14,35.0,2.14,ml
253,10.645,0.06075,0.09,109.0,1.26,ml
254,12.274,0.06468,0.08,131.0,0.59,ml
255,6.803,0.09818,0.07,60.0,0.97,ml
256,2.015,0.07987,0.13,148.0,1.39,ml
257,16.947,1.081,0.1,55.0,1.67,ml
258,5.272,0.05228,0.15,329.0,2.39,ml
259,14.515,0.02294,0.05,60.0,0.37,ml
260,15.917,0.03107,0.02,78.0,0.54,ml
261,6.606,0.08037,0.08,262.0,0.81,ml
262,16.431,0.06068,0.06,59.0,0.94,ml
263,6.959,0.08641,0.08,130.0,0.15,ml
264,17.865,0.1239,0.08,81.0,0.88,ml
265,15.237,0.09872,0.08,48.0,0.81,ml
266,9.931,0.09963,0.07,217.0,0.87,ml
267,4.201,0.04377,0.1,97.0,0.41,ml
268,8.11,0.1274,0.15,77.0,1.36,ml
269,4.508,0.0426,0.13,103.0,1.15,ml
270,6.287,0.07133,0.1,97.0,0.21,ml
271,9.35,0.02676,0.1,220.0,0.82,ml
272,16.061,0.02807,0.05,113.0,0.79,ml
273,3.626,0.03871,0.11,73.0,2.0,ml
274,8.287,0.04484,0.08,97.0,0.85,ml
275,8.987,0.1153,0.07,97.0,0.29,ml
276,16.854,0.05711,0.1,140.0,0.95,ml
277,10.447,0.07303,0.11,92.0,1.28,ml
278,14.821,0.01635,0.07,116.0,0.72,ml
279,2.123,0.2179,0.12,38.0,1.9,ml
280,5.888,0.05139,0.05,269.0,0.78,ml
281,18.467,0.1915,0.07,75.0,1.36,ml
282,1.921,0.1009,0.11,42.0,2.4,ml
283,-0.659,0.0744,0.14,95.0,0.88,ml
284,16.464,0.09969,0.07,105.0,0.47,ml
285,0.131,0.0984,0.15,95.0,1.2,ml
286,0.141,0.102,0.12,76.0,1.74,ml
287,0.751,0.09752,0.1,98.0,1.25,ml
288,-0.269,0.09867,0.15,75.0,2.44,ml
289,1.571,0.02499,0.19,94.0,0.85,ml
290,15.795,0.01537,0.14,87.0,0.9,ml
291,7.448,0.001575,0.11,103.0,0.65,ml
292,0.641,0.02412,0.09,63.0,0.48,ml
293,14.976,0.1065,0.13,66.0,1.11,ml
294,12.206,0.1248,0.12,166.0,0.64,ml
295,4.865,0.1018,0.16,101.0,0.34,ml
296,12.484,0.1023,0.1,98.0,0.61,ml
297,4.581,0.0991,0.1,99.0,0.47,ml
298,-0.699,0.0328,0.16,95.0,2.16,ml
299,13.655,0.05015,0.12,76.0,0.1,ml
300,8.625,0.1149,0.17,108.0,0.53,ml
301,10.844,0.09042,0.23,105.0,1.9,ml
302,17.454,0.04478,0.09,117.0,0.8,ml
303,14.748,0.02619,0.05,134.0,0.1,ml
304,14.043,0.2097,0.17,173.0,0.79,ml
305,8.862,0.0394,0.16,85.0,1.19,ml
306,16.162,0.0255,0.05,72.0,0.13,ml
307,8.324,0.01451,0.25,59.0,1.37,ml
308,8.548,0.1242,0.16,108.0,1.19,ml
309,11.981,0.04509,0.13,168.0,0.59,ml
310,2.719,0.2126,0.14,41.0,1.41,ml
311,5.818,0.02244,0.11,242.0,0.99,ml
312,4.699,0.01604,0.05,130.0,0.03,ml
313,1.371,0.02433,0.07,145.0,0.59,ml
314,6.766,0.1377,0.13,135.0,1.23,ml
315,8.798,0.1703,0.16,256.0,0.88,ml
316,11.673,0.01955,0.12,223.0,0.72,ml
317,9.976,0.01086,0.16,73.0,1.95,ml
318,18.821,0.07783,0.05,128.0,0.74,ml
319,8.991,0.1064,0.11,85.0,1.26,ml
320,5.72,0.04133,0.23,155.0,0.58,ml
321,9.077,0.0744,0.1,98.0,0.57,ml
322,8.046,0.07507,0.1,109.0,0.75,ml
323,0.461,0.0354,0.15,105.0,0.84,ml
324,8.162,0.105,0.1,75.0,1.07,ml
325,3.251,0.0587,0.07,129.0,1.25,ml
326,-0.595,0.2149,0.11,88.0,0.73,ml
327,0.93,0.05104,0.08,52.0,1.22,ml
328,13.594,0.01823,0.18,131.0,0.41,ml
329,8.039,0.04314,0.08,38.0,0.59,ml
330,0.876,0.1192,0.12,101.0,1.24,ml
331,17.568,0.04686,0.1,91.0,0.9,ml
332,1.668,0.05952,0.17,118.0,1.54,ml
333,6.351,0.05864,0.16,88.0,1.35,ml
334,5.051,0.09014,0.15,111.0,0.74,ml
335,6.354,0.06483,0.11,61.0,0.95,ml
336,4.384,0.05636,0.03,214.0,0.57,ml
337,15.144,0.06282,0.12,185.0,0.49,ml
338,3.588,0.1532,0.06,269.0,0.67,ml
339,2.919,0.09364,0.1,103.0,1.36,ml
340,12.478,0.06738,0.14,124.0,0.75,ml
341,11.298,0.0152,0.05,122.0,0.57,ml
342,8.91,0.06536,0.22,208.0,1.89,ml
343,4.089,0.04375,0.17,91.0,1.16,ml
344,2.453,0.1049,0.1,67.0,1.14,ml
345,2.678,0.02714,0.12,89.0,1.59,ml
346,9.631,0.02958,0.13,203.0,1.62,ml
347,2.778,0.02919,0.11,148.0,0.35,ml
348,6.005,0.04545,0.12,120.0,0.88,ml
349,7.951,0.08368,0.08,74.0,0.52,ml
350,12.928,0.0837,0.15,36.0,1.15,ml
351,12.757,0.07953,0.14,61.0,0.9,ml
352,8.005,0.1179,0.14,100.0,0.68,ml
353,9.405,0.1403,0.07,63.0,1.25,ml
354,7.119,0.07141,0.11,122.0,1.28,ml
355,8.861,0.04458,0.09,136.0,0.54,ml
356,3.326,0.06775,0.06,224.0,1.2,ml
357,3.418,0.2086,0.08,200.0,0.83,ml
358,4.162,0.06672,0.16,96.0,1.22,ml
359,17.545,0.01748,0.11,83.0,0.76,ml
360,11.008,0.01207,0.25,148.0,1.52,ml
361,9.07,0.01604,0.13,205.0,1.18,ml
362,10.227,0.02993,0.25,145.0,1.8,ml
363,6.496,0.01197,0.1,260.0,0.67,ml
364,7.947,0.08815,0.13,39.0,1.5,ml
365,17.701,0.05135,0.08,82.0,0.81,ml
366,15.731,0.06433,0.05,161.0,0.71,ml
367,16.233,0.1144,0.12,116.0,1.15,ml
368,8.638,0.01653,0.13,178.0,0.65,ml
369,8.074,0.02251,0.21,85.0,1.38,ml
370,11.094,0.06221,0.06,96.0,0.12,ml
371,8.877,0.1398,0.1,73.0,1.1,ml
372,2.575,0.1219,0.1,206.0,0.89,ml
373,5.152,0.03057,0.17,69.0,1.13,ml
374,12.614,0.06419,0.13,149.0,0.41,ml
375,2.762,0.0512,0.11,78.0,0.8,ml
376,10.867,0.219,0.09,169.0,0.42,ml
377,0.767,0.1126,0.08,67.0,1.41,ml
378,11.42,0.06215,0.11,82.0,0.96,ml
379,1.138,0.03178,0.08,220.0,0.77,ml
380,13.296,0.02981,0.17,50.0,1.34,ml
381,12.872,0.07413,0.15,37.0,2.22,ml
382,7.651,0.07655,0.09,92.0,0.41,ml
383,8.481,0.1377,0.1,99.0,0.31,ml
384,10.146,0.05362,0.09,129.0,0.31,ml
385,5.666,0.1046,0.12,47.0,1.38,ml
386,7.504,0.05975,0.13,58.0,1.43,ml
387,7.055,0.1172,0.11,45.0,1.19,ml
388,6.62,0.087,0.17,50.0,2.45,ml
389,1.087,0.1216,0.1,155.0,0.83,ml
390,18.485,0.08819,0.11,87.0,0.82,ml
391,1.217,0.1511,0.08,148.0,0.83,ml
392,-1.04,0.08069,0.1,44.0,1.82,ml
393,6.932,0.206,0.18,136.0,0.28,ml
394,4.362,0.2076,0.12,95.0,1.04,ml
395,4.352,0.2094,0.14,95.0,1.02,ml
396,4.422,0.06085,0.15,95.0,1.15,ml
397,7.521,0.01626,0.15,87.0,0.81,ml
398,11.89,0.0173,0.15,60.0,1.73,ml
399,5.864,0.04623,0.2,85.0,1.16,ml
400,12.771,0.04054,0.14,154.0,0.73,ml
401,13.647,0.05047,0.09,75.0,0.61,ml
402,0.488,0.001878,0.11,118.0,0.74,ml
403,10.006,0.03589,0.12,134.0,0.48,ml
404,7.288,0.09563,0.11,49.0,2.35,ml
405,7.128,0.03432,0.13,68.0,1.05,ml
406,6.94,0.1018,0.1,49.0,2.28,ml
407,12.985,0.04265,0.08,110.0,0.21,ml
408,11.917,0.03414,0.16,187.0,0.61,ml
409,11.74,0.07601,0.18,27.0,2.1,ml
410,15.211,0.01162,0.12,30.0,1.19,ml
411,16.951,0.119,0.14,32.0,1.11,ml
412,7.469,0.0721,0.26,49.0,2.52,ml
413,11.371,0.01917,0.2,180.0,0.62,ml
414,6.979,0.04514,0.23,58.0,1.17,ml
415,13.702,0.07833,0.07,83.0,0.5,ml
416,15.941,0.2198,0.11,157.0,0.39,ml
417,4.407,0.09758,0.15,64.0,1.44,ml
418,8.398,0.02122,0.08,212.0,0.8,ml
419,18.057,0.07481,0.04,140.0,0.49,ml
420,10.21,0.08306,0.11,115.0,1.16,ml
421,17.774,0.03968,0.1,49.0,1.21,ml
422,15.265,0.08554,0.06,97.0,0.33,ml
423,17.814,0.07897,0.09,81.0,0.86,ml
424,9.525,0.04377,0.11,140.0,0.25,ml
425,10.377,0.00978,0.14,173.0,1.08,ml
426,7.029,0.01357,0.15,84.0,1.02,ml
427,5.804,0.04619,0.24,85.0,1.35,ml
428,8.85,0.04288,0.1,146.0,0.37,ml
429,11.587,0.09913,0.16,173.0,0.82,ml
430,-0.975,0.1037,0.1,201.0,1.27,ml
431,16.819,0.02352,0.12,68.0,1.17,ml
432,8.111,0.07325,0.07,150.0,0.48,ml
433,15.839,0.1368,0.06,149.0,0.51,ml
434,12.033,0.05641,0.2,92.0,1.37,ml
435,10.189,0.1487,0.07,171.0,1.11,ml
436,13.173,0.04016,0.14,107.0,0.95,ml
437,5.186,0.773,0.07,260.0,0.54,ml
438,5.907,0.01465,0.38,156.0,1.85,ml
439,8.499,0.1375,0.28,169.0,0.58,ml
440,14.847,0.06299,0.14,106.0,0.65,ml
441,7.559,0.08277,0.08,165.0,0.28,ml
442,13.287,0.1733,0.17,206.0,0.51,ml
443,9.688,0.0661,0.18,211.0,0.78,ml
444,15.124,0.03602,0.15,35.0,0.98,ml
445,0.791,0.01686,0.13,168.0,-0.19,ml
446,14.527,0.06886,0.12,35.0,1.14,ml
447,16.378,0.06837,0.08,134.0,0.41,ml
448,17.008,0.08115,0.11,74.0,0.74,ml
449,10.215,0.09977,0.16,65.0,0.86,ml
450,14.095,0.04416,0.22,15.0,2.83,ml
451,-1.854,0.2089,0.3,122.0,-0.04,ml
452,4.26,0.01617,0.18,111.0,0.82,ml
453,7.816,0.04223,0.13,19.0,1.58,ml
454,8.557,0.02821,0.13,100.0,0.58,ml
455,0.091,0.05998,0.12,145.0,0.26,ml
456,8.549,0.0789,0.2,50.0,1.01,ml
457,10.71,0.0353,0.14,50.0,1.04,ml
458,9.297,0.07033,0.12,99.0,0.28,ml
459,10.746,0.08338,0.18,15.0,2.46,ml
460,11.991,0.008635,0.1,73.0,0.89,ml
461,5.704,0.01534,0.14,94.0,1.11,ml
462,1.051,0.01796,0.09,88.0,0.63,ml
463,6.221,0.03631,0.06,135.0,0.46,ml
464,17.218,0.08004,0.08,92.0,0.83,ml
465,12.509,0.06593,0.13,167.0,0.81,ml
466,1.895,0.06006,0.14,104.0,0.89,ml
467,12.782,0.08316,0.12,69.0,1.23,ml
468,16.546,0.1265,0.08,75.0,1.12,ml
469,12.22,0.06486,0.13,43.0,1.19,ml
470,11.649,0.21,0.12,43.0,1.21,ml
471,4.192,0.006793,0.17,83.0,1.16,ml
472,14.466,0.01487,0.07,77.0,0.47,ml
473,13.005,0.01664,0.11,49.0,1.15,ml
474,13.295,0.03179,0.11,32.0,1.85,ml
475,-0.059,0.1213,0.08,150.0,0.57,ml
476,9.379,0.05098,0.22,79.0,1.18,ml
477,0.488,0.06867,0.12,62.0,1.15,ml
478,13.763,0.06689,0.14,132.0,0.25,ml
479,10.56,0.05652,0.12,72.0,0.96,ml
480,13.335,0.0331,0.1,52.0,1.1,ml
481,-0.249,0.04787,0.16,101.0,1.22,ml
482,6.629,0.01342,0.11,64.0,0.82,ml
483,5.884,0.1129,0.24,85.0,1.08,ml
484,5.357,0.04061,0.14,113.0,0.7,ml
485,13.675,0.08272,0.06,84.0,0.16,ml
486,14.188,0.1085,0.25,142.0,1.68,ml
487,13.712,0.06688,0.19,140.0,1.49,ml
488,18.76,0.07436,0.14,88.0,0.86,ml
489,9.56,0.01601,0.12,241.0,0.7,ml
490,8.18,0.06896,0.14,58.0,1.26,ml
491,14.059,0.04316,0.06,92.0,0.46,ml
492,14.117,0.1224,0.14,117.0,0.75,ml
493,17.287,0.0496,0.11,57.0,0.84,ml
494,13.247,0.03944,0.12,103.0,1.04,ml
495,10.059,0.006012,0.25,71.0,2.54,ml
496,6.849,0.1238,0.08,77.0,0.8,ml
497,6.834,0.2522,0.21,63.0,1.32,ml
498,10.973,0.01023,0.11,326.0,1.21,ml
499,8.885,0.0383,0.16,90.0,0.65,ml
500,15.937,0.2015,0.08,78.0,0.44,ml
501,4.248,0.1124,0.06,267.0,0.71,ml
502,10.498,0.06176,0.17,58.0,1.63,ml
503,12.869,0.05069,0.14,27.0,1.3,ml
504,9.358,0.01127,0.17,110.0,0.78,ml
505,1.671,0.05791,0.12,120.0,-0.1,ml
506,16.568,0.008203,0.12,60.0,1.03,ml
507,18.558,0.09493,0.06,130.0,0.61,ml
508,12.203,0.07072,0.13,196.0,1.52,ml
509,10.884,0.03671,0.12,100.0,0.5,ml
510,14.227,0.1422,0.07,65.0,0.76,ml
511,9.397,0.08954,0.14,76.0,1.39,ml
512,16.639,0.09351,0.11,60.0,0.89,ml
513,8.402,0.09466,0.18,168.0,0.88,ml
514,8.544,0.02655,0.13,37.0,1.6,ml
515,12.204,0.02044,0.17,97.0,2.05,ml
516,16.707,0.01045,0.05,80.0,0.28,ml
517,8.236,0.09147,0.14,26.0,1.31,ml
518,8.744,0.03453,0.17,77.0,1.27,ml
519,13.263,0.06615,0.16,187.0,0.65,ml
520,15.863,0.1472,0.11,47.0,1.03,ml
521,9.098,0.0268,0.1,229.0,0.35,ml
522,11.761,0.03213,0.14,103.0,2.16,ml
523,13.926,0.08517,0.17,104.0,2.04,ml
524,12.328,0.05517,0.23,182.0,1.58,ml
525,16.525,0.03497,0.35,140.0,0.61,ml
526,0.978,0.06023,0.06,119.0,0.71,ml
527,9.271,0.1324,0.06,126.0,0.82,ml
528,5.902,0.1506,0.12,277.0,0.87,ml
529,4.268,0.04824,0.19,194.0,1.08,ml
530,18.892,0.09765,0.11,92.0,0.77,ml
531,5.947,0.01574,0.18,136.0,1.02,ml
532,7.079,0.05041,0.13,85.0,1.26,ml
533,13.008,0.1054,0.09,44.0,1.47,ml
534,3.218,0.1245,0.09,58.0,1.86,ml
535,9.028,0.1049,0.09,108.0,0.66,ml
536,1.823,0.1475,0.08,112.0,1.63,ml
537,8.293,0.008448,0.17,145.0,0.88,ml
538,9.474,0.2171,0.16,85.0,1.09,ml
539,3.097,0.06358,0.16,49.0,2.84,ml
540,12.758,0.06449,0.14,50.0,1.58,ml
541,8.961,0.08983,0.1,96.0,0.9,ml
542,1.087,0.1099,0.19,143.0,1.05,ml
543,9.068,0.1153,0.11,61.0,0.9,ml
544,8.571,0.1073,0.16,105.0,0.7,ml
545,9.092,0.05982,0.1,138.0,0.36,ml
546,16.699,0.06566,0.03,117.0,0.47,ml
547,18.258,0.05286,0.1,60.0,1.25,ml
548,13.992,0.09198,0.12,85.0,1.05,ml
549,17.024,0.1044,0.08,58.0,1.08,ml
550,9.115,0.1357,0.08,136.0,0.64,ml
551,5.559,0.1271,0.11,253.0,0.72,ml
552,14.337,0.05383,0.14,79.0,0.65,ml
553,-0.375,0.1084,0.18,84.0,1.4,ml
554,6.724,0.1383,0.13,182.0,1.01,ml
555,12.826,0.0397,0.09,119.0,0.99,ml
556,6.822,0.1099,0.1,58.0,0.94,ml
557,0.763,0.05249,0.12,105.0,1.77,ml
558,4.109,0.1249,0.17,79.0,1.4,ml
559,12.097,0.1168,0.13,78.0,1.3,ml
560,12.207,0.03574,0.16,70.0,1.61,ml
561,17.558,0.05491,0.07,178.0,0.85,ml
562,1.778,0.01314,0.18,117.0,1.37,ml
563,6.049,0.1209,0.12,139.0,1.39,ml
564,3.64,0.1078,0.06,178.0,1.4,ml
565,0.733,0.06824,0.11,105.0,1.73,ml
566,11.378,0.1114,0.11,117.0,0.66,ml
567,1.903,0.08882,0.1,105.0,1.9,ml
568,6.031,0.03794,0.16,201.0,1.11,ml
569,8.33,0.06461,0.07,153.0,1.07,ml
570,8.996,0.03889,0.1,70.0,0.11,ml
571,8.03,0.02498,0.05,147.0,0.11,ml
572,6.509,0.1105,0.2,71.0,1.74,ml
573,8.762,0.03637,0.09,100.0,0.26,ml
574,2.592,0.1105,0.2,85.0,1.2,ml
575,1.013,0.06796,0.1,194.0,1.24,ml
576,14.518,0.1142,0.07,124.0,0.49,ml
577,16.422,0.04219,0.08,85.0,0.81,ml
578,7.758,0.09922,0.18,63.0,1.18,ml
579,11.637,0.09074,0.13,96.0,0.31,ml
580,10.239,0.06859,0.19,64.0,1.1,ml
581,4.119,0.0244,0.21,51.0,1.91,ml
582,9.319,0.08238,0.2,71.0,1.41,ml
583,17.291,0.0516,0.13,48.0,1.14,ml
584,7.928,0.115,0.1,77.0,1.01,ml
585,17.893,0.1021,0.11,89.0,0.92,ml
586,10.531,0.08299,0.12,40.0,1.1,ml
587,13.535,0.1126,0.11,164.0,1.26,ml
588,0.823,0.02469,0.12,105.0,1.95,ml
589,17.697,0.02833,0.12,33.0,1.89,ml
590,5.466,0.02939,0.12,66.0,1.26,ml
591,4.635,0.006555,0.14,59.0,1.66,ml
592,9.054,0.08249,0.18,39.0,2.93,ml
593,8.435,0.08787,0.14,195.0,2.07,ml
594,8.652,0.03062,0.14,223.0,1.96,ml
595,13.215,0.04799,0.08,98.0,0.55,ml
596,1.192,0.0145,0.09,107.0,1.01,ml
597,0.772,0.05177,0.1,85.0,0.38,ml
598,1.972,0.07518,0.07,221.0,0.59,ml
599,15.121,0.07782,0.13,98.0,0.65,ml
600,14.741,0.02825,0.11,169.0,1.52,ml
601,9.973,0.0384,0.12,101.0,1.44,ml
602,-1.18,0.04759,0.09,91.0,0.81,ml
603,1.512,0.04019,0.09,105.0,1.58,ml
604,-0.208,0.0371,0.12,92.0,0.85,ml
605,7.572,0.08695,0.06,89.0,0.51,ml
606,7.666,0.03695,0.22,111.0,1.47,ml
607,4.547,0.006269,0.06,192.0,0.84,ml
608,0.87,0.008333,0.12,65.0,0.89,ml
609,0.652,0.1188,0.11,65.0,1.24,ml
610,8.868,0.1157,0.16,27.0,1.98,ml
611,8.984,0.07108,0.18,34.0,1.63,ml
612,9.871,0.06529,0.15,80.0,1.76,ml
613,12.892,0.1651,0.3,81.0,1.65,ml
614,6.612,0.05,0.22,42.0,1.2,ml
615,2.377,0.04131,0.05,219.0,0.8,ml
616,8.618,0.1182,0.15,32.0,1.63,ml
617,4.26,0.001152,0.07,176.0,0.66,ml
618,11.651,0.01912,0.14,106.0,1.09,ml
619,15.947,0.07942,0.05,131.0,0.49,ml
620,14.412,0.03866,0.1,88.0,0.59,ml
621,4.372,0.0715,0.13,183.0,0.96,ml
622,8.531,0.09219,0.12,31.0,1.95,ml
623,16.382,0.09482,0.12,90.0,1.43,ml
624,16.79,0.02504,0.12,67.0,1.24,ml
625,13.999,0.08256,0.12,107.0,0.54,ml
626,12.947,0.06115,0.19,73.0,1.04,ml
627,5.737,0.1063,0.29,224.0,0.6,mh
628,6.456,0.1486,0.15,244.0,0.77,ml
629,9.173,0.01282,0.11,162.0,0.52,ml
630,9.278,0.1094,0.05,163.0,1.24,ml
631,8.932,0.1002,0.1,138.0,0.5,ml
632,13.782,0.06563,0.12,95.0,0.61,ml
633,14.725,0.111,0.14,97.0,0.55,ml
634,8.482,0.01826,0.1,140.0,0.4,ml
635,12.393,0.04057,0.18,102.0,1.01,ml
636,0.742,0.1625,0.12,120.0,0.75,ml
637,8.073,0.038,0.18,73.0,1.3,ml
638,10.827,0.09081,0.15,69.0,1.15,ml
639,10.784,0.0375,0.1,106.0,0.7,ml
640,3.583,0.586,0.13,70.0,0.93,ml
641,1.4,0.04456,0.1242,317.92,0.4,ml
642,0.322,0.04355,0.13,101.0,1.05,ml
643,0.622,0.04135,0.14,131.0,0.54,ml
644,19.136,0.04328,0.18,59.0,2.14,ml
645,17.836,0.05274,0.25,63.0,2.76,ml
646,9.088,0.1039,0.09,99.0,0.4,ml
647,8.358,0.02713,0.14,75.0,1.5,ml
648,16.328,0.1154,0.08,114.0,0.49,ml
649,9.422,0.0968,0.1,98.0,0.51,ml
650,17.105,0.04138,0.06,79.0,0.6,ml
651,18.798,0.09191,0.22,58.0,1.17,ml
652,0.299,0.01077,0.29,86.0,2.31,ml
653,0.652,0.04733,0.12,132.0,0.83,ml
654,5.807,0.03414,0.16,49.0,1.32,ml
655,1.292,0.04808,0.09,64.0,0.75,ml
656,0.792,0.04524,0.15,170.0,0.32,ml
657,16.037,0.04383,0.06,94.0,0.35,ml
658,1.422,0.0457,0.09,98.0,1.37,ml
659,5.217,0.0319,0.28,78.0,1.74,ml
660,3.987,0.1026,0.2,107.0,1.62,ml
661,3.357,0.03592,0.15,76.0,1.93,ml
662,9.769,0.0248,0.07,105.0,1.14,ml
663,8.042,0.1151,0.11,255.0,0.56,ml
664,4.41,0.06723,0.15,52.0,1.38,ml
665,9.276,0.08953,0.17,43.0,1.24,ml
666,8.339,0.03739,0.08,220.0,0.83,ml
667,11.635,0.04188,0.07,119.0,0.67,ml
668,10.076,0.02745,0.17,55.0,2.03,ml
669,15.767,0.02715,0.08,124.0,0.61,ml
670,13.225,0.03755,0.03,145.0,0.5,ml
671,16.917,0.03388,0.08,80.0,0.65,ml
672,17.037,0.05664,0.12,62.0,0.8,ml
673,15.817,0.04938,0.09,84.0,0.71,ml
674,16.397,0.04194,0.08,97.0,0.6,ml
675,13.388,0.03845,0.06,109.0,0.41,ml
676,0.571,0.04576,0.16,73.0,0.74,ml
677,16.275,0.02896,0.13,39.0,1.33,ml
678,11.98,0.0203,0.17,99.0,0.93,ml
679,0.112,0.09693,0.18,144.0,0.19,ml
680,-0.004,0.04932,0.14,129.0,-0.2,ml
681,7.218,0.06315,0.11,103.0,0.45,ml
682,2.997,0.1719,0.1,106.0,0.69,ml
683,-0.92,0.07508,0.16,113.0,0.86,ml
684,9.947,0.04324,0.34,50.0,2.21,ml
685,13.456,0.1631,0.23,94.0,1.71,ml
686,6.989,0.04204,0.13,53.0,0.68,ml
687,2.492,0.04744,0.09,161.0,0.17,ml
688,16.401,0.1105,0.13,64.0,0.61,ml
689,1.372,0.02508,0.08,132.0,0.07,ml
690,9.928,0.03083,0.12,94.0,0.43,ml
691,5.648,0.04044,0.23,54.0,1.07,ml
692,0.302,0.06536,0.12,80.0,-0.06,ml
693,0.961,0.05918,0.14,172.0,-0.11,ml
694,1.452,0.0676,0.11,56.0,1.14,ml
695,9.476,0.1003,0.12,50.0,0.81,ml
696,16.148,0.04159,0.07,110.0,0.56,ml
697,6.409,0.08798,0.18,61.0,1.4,ml
698,4.938,0.07105,0.09,43.0,2.22,ml
699,14.025,0.008882,0.06,82.0,0.27,ml
700,16.701,0.0308,0.1,59.0,0.93,ml
701,3.177,0.09081,0.14,53.0,1.22,ml
702,7.572,0.07176,0.19,190.0,1.76,ml
703,3.616,0.05392,0.18,41.0,1.03,ml
704,10.665,0.1148,0.08,70.0,0.78,ml
705,15.581,0.04602,0.11,119.0,0.43,ml
706,13.294,0.04344,0.1,103.0,0.06,ml
707,5.25,0.02165,0.12,99.0,0.97,ml
708,8.853,0.09739,0.1,108.0,0.77,ml
709,0.637,0.04369,0.11,149.0,0.17,ml
710,6.337,0.04155,0.11,102.0,0.87,ml
711,17.639,0.03766,0.09,205.0,0.36,ml
712,8.6,0.01505,0.16,166.0,0.46,ml
713,0.208,0.06411,0.12,143.0,-0.02,ml
714,11.4,0.06384,0.13,50.0,1.1,ml
715,18.628,0.05615,0.12,53.0,0.87,ml
716,4.802,0.06104,0.13,238.0,0.06,ml
717,19.558,0.126,0.05,144.0,0.68,ml
718,11.537,0.05204,0.11,120.0,0.62,ml
719,11.031,0.05254,0.18,71.0,1.42,ml
720,9.145,0.05143,0.04,120.0,1.0,mh
721,14.705,0.0663,0.06,89.0,0.67,ml
722,15.045,0.0506,0.08,90.0,0.62,ml
723,15.085,0.08363,0.09,91.0,0.37,ml
724,5.547,0.04648,0.1,173.0,0.6,ml
725,16.225,0.09958,0.14,51.0,0.75,ml
726,9.71,0.0577,0.08,67.0,0.84,ml
727,15.685,0.156,0.13,35.0,1.47,ml
728,6.141,0.02856,0.16,100.0,0.58,ml
729,13.372,0.07049,0.12,132.0,0.69,ml
730,9.434,0.05559,0.21,43.0,1.25,ml
731,0.562,0.01227,0.11,71.0,-0.06,ml
732,3.981,0.2228,0.14,67.0,0.7,ml
733,1.317,0.01407,0.14,204.0,0.12,ml
734,13.08,0.07794,0.13,109.0,0.89,ml
735,16.712,0.06735,0.07,273.0,0.78,ml
736,9.717,0.09996,0.05,243.0,0.93,ml
737,7.539,0.05097,0.13,63.0,0.76,ml
738,6.573,0.005644,0.15,49.0,1.36,ml
739,4.898,0.005084,0.14,197.0,1.77,ml
740,14.198,0.1328,0.09,89.0,0.59,ml
741,0.9,0.01303,0.09,67.0,-0.01,ml
742,1.262,0.03382,0.1,65.0,0.97,ml
743,10.087,0.03282,0.13,79.0,0.85,ml
744,1.052,0.1478,0.12,71.0,1.09,ml
745,14.267,0.0411,0.05,62.0,0.42,ml
746,11.768,0.1438,0.27,34.0,3.59,ml
747,14.327,0.04242,0.06,115.0,0.14,ml
748,9.844,0.05944,0.21,43.0,1.4,ml
749,8.267,0.04212,0.11,126.0,0.57,ml
750,6.477,0.09814,0.17,130.0,0.83,ml
751,-0.918,0.137,0.29,97.0,-0.03,ml
752,4.662,0.03567,0.11,181.0,0.21,ml
753,8.137,0.03058,0.12,100.0,1.17,ml
754,11.527,0.01486,0.21,102.0,1.13,ml
755,9.567,0.03345,0.09,156.0,0.68,ml
756,1.882,0.0248,0.11,173.0,0.07,ml
757,0.814,0.04375,0.12,127.0,1.38,ml
758,16.446,0.03302,0.05,86.0,0.44,ml
759,-0.838,0.02578,0.08,78.0,0.02,ml
760,2.055,0.1338,0.14,75.0,1.88,ml
761,11.369,0.07973,0.08,143.0,0.49,ml
762,1.057,0.09772,0.1,95.0,1.36,ml
763,12.972,0.1329,0.06,99.0,0.49,ml
764,9.508,0.1877,0.18,73.0,1.5,ml
765,7.659,0.07728,0.13,64.0,1.17,ml
766,13.002,0.132,0.15,43.0,1.14,ml
767,12.228,0.04875,0.22,89.0,1.88,ml
768,12.934,0.01882,0.22,87.0,3.24,ml
769,13.204,0.03444,0.13,95.0,0.65,ml
770,8.734,0.04473,0.13,48.0,1.08,ml
771,15.636,0.1427,0.12,60.0,0.68,ml
772,5.866,0.03401,0.13,128.0,0.51,ml
773,0.542,0.05886,0.13,80.0,0.7,ml
774,9.237,0.04251,0.1,89.0,0.46,ml
775,6.61,0.0424,0.2,127.0,0.91,ml
776,0.262,0.0406,0.19,89.0,-0.03,ml
777,14.942,0.02635,0.23,17.0,3.07,ml
778,11.623,0.02952,0.15,109.0,1.1,ml
779,14.805,0.01193,0.05,74.0,0.1,ml
780,14.795,0.02813,0.06,73.0,0.13,ml
781,-0.668,0.02746,0.16,75.0,0.21,ml
782,-1.134,0.02965,0.21,174.0,0.42,ml
783,4.313,0.0311,0.17,68.0,1.52,ml
784,0.532,0.03299,0.12,71.0,-0.04,ml
785,0.48,0.01422,0.09,83.0,0.22,ml
786,-1.204,0.07072,0.16,130.0,0.13,ml
787,0.662,0.04928,0.1,55.0,1.05,ml
788,15.457,0.07729,0.04,83.0,0.4,ml
789,4.532,0.01044,0.11,78.0,1.01,ml
790,7.914,0.03258,0.14,31.0,1.73,ml
791,0.791,0.01979,0.14,72.0,0.33,ml
792,7.648,0.11,0.1,66.0,0.9,ml
793,18.971,0.03862,0.07,158.0,0.39,ml
794,11.859,0.1267,0.1,102.0,0.96,ml
795,2.328,0.124,0.3,83.0,1.52,ml
796,14.35,0.07141,0.12,48.0,1.08,ml
797,2.757,0.125,0.18,81.0,0.88,ml
798,11.881,0.05625,0.16,38.0,1.56,ml
799,11.751,0.08559,0.16,50.0,1.21,ml
800,2.337,0.03116,0.13,54.0,1.2,ml
801,11.881,0.03514,0.16,117.0,1.2,ml
802,16.818,0.06839,0.12,82.0,0.53,ml
803,0.164,0.09429,0.26,57.0,0.63,ml
804,11.567,0.04023,0.11,100.0,0.96,ml
805,1.278,0.03196,0.28,111.0,-0.21,ml
806,1.577,0.08695,0.18,134.0,1.08,ml
807,9.636,0.04745,0.09,227.0,0.84,ml
808,8.887,0.03784,0.12,98.0,0.47,ml
809,11.086,0.233,0.17,156.0,1.01,ml
810,8.104,0.1325,0.06,184.0,1.05,ml
811,9.127,0.0984,0.12,126.0,0.27,ml
812,8.267,0.1092,0.13,123.0,0.77,ml
813,18.474,0.0515,0.18,90.0,2.79,ml
814,7.437,0.01462,0.13,77.0,1.26,ml
815,1.873,0.07022,0.16,116.0,1.25,ml
816,7.566,0.01641,0.12,65.0,0.83,ml
817,13.171,0.06868,0.14,108.0,1.18,ml
818,18.298,0.2345,0.13,35.0,1.45,ml
819,14.941,0.08498,0.14,160.0,0.41,ml
820,16.282,0.08159,0.14,70.0,0.42,ml
821,4.627,0.01555,0.1,143.0,1.45,ml
822,13.505,0.07134,0.48,76.0,2.51,ml
823,16.324,0.03999,0.13,52.0,1.27,ml
824,15.541,0.06312,0.09,84.0,0.87,ml
825,9.197,0.1503,0.11,102.0,0.38,ml
826,3.467,0.1141,0.13,145.0,1.16,ml
827,8.007,0.0522,0.15,101.0,0.97,ml
828,8.254,0.07559,0.2,85.0,1.08,ml
829,9.384,0.1425,0.17,64.0,1.37,ml
830,7.309,0.01356,0.23,86.0,1.16,ml
831,11.54,0.01313,0.17,130.0,1.19,ml
832,6.455,0.008415,0.12,83.0,1.19,ml
833,4.367,0.01569,0.18,127.0,1.05,ml
834,0.671,0.01168,0.14,121.0,0.68,ml
835,-0.329,0.02593,0.18,59.0,1.23,ml
836,-1.319,0.009566,0.18,89.0,1.3,ml
837,-0.089,0.009423,0.2,54.0,2.26,ml
838,0.741,0.0654,0.13,42.0,2.42,ml
839,5.601,0.01709,0.2,142.0,0.48,ml
840,12.805,0.04321,0.51,60.0,3.13,ml
841,1.011,0.03266,0.13,108.0,1.01,ml
842,0.381,0.1045,0.15,87.0,1.1,ml
843,6.196,0.09284,0.13,79.0,1.65,ml
844,5.823,0.05557,0.19,91.0,1.44,ml
845,10.56,0.04385,0.2,285.0,1.34,ml
846,12.363,0.02384,0.12,163.0,1.17,ml
847,9.894,0.02874,0.21,57.0,1.78,ml
848,6.652,0.04003,0.15,161.0,0.94,ml
849,7.606,0.03362,0.14,166.0,0.96,ml
850,12.176,0.03168,0.17,155.0,1.02,ml
851,8.517,0.043,0.1,143.0,0.59,ml
852,11.413,0.1245,0.2,152.0,1.67,ml
853,18.745,0.01105,0.15,99.0,1.04,ml
854,6.502,0.02928,0.1,91.0,0.64,ml
855,6.225,0.02968,0.08,74.0,0.86,ml
856,-0.022,0.03202,0.1,163.0,0.84,ml
857,5.895,0.4206,0.12,256.0,0.98,ml
858,7.447,0.07641,0.08,45.0,1.08,ml
859,0.231,0.04892,0.08,166.0,0.8,ml
860,2.231,0.02824,0.12,178.0,0.77,ml
861,1.031,0.08928,0.12,172.0,0.85,ml
862,12.845,0.1025,0.1,273.0,2.08,ml
863,5.392,0.06319,0.12,84.0,0.87,ml
864,6.761,0.06666,0.14,155.0,0.72,ml
865,0.921,0.03096,0.09,164.0,-0.06,ml
866,13.968,0.02316,0.14,93.0,1.25,ml
867,9.442,0.02734,0.31,152.0,2.01,ml
868,12.874,0.08643,0.1,96.0,0.65,ml
869,12.874,0.09489,0.13,97.0,0.93,ml
870,11.473,0.09428,0.06,101.0,0.69,ml
871,4.033,0.09063,0.12,108.0,0.77,ml
872,10.896,0.1055,0.15,50.0,0.93,ml
873,16.475,0.03073,0.13,45.0,1.42,ml
874,11.958,0.1417,0.13,37.0,1.54,ml
875,1.227,0.0175,0.16,72.0,1.75,ml
876,3.799,0.05952,0.22,73.0,1.4,ml
877,9.629,0.1149,0.12,74.0,1.49,ml
878,10.583,0.06139,0.17,96.0,1.06,ml
879,9.301,0.15,0.19,93.0,1.4,ml
880,13.229,0.1383,0.13,129.0,0.56,ml
881,13.554,0.01084,0.1,128.0,1.02,ml
882,10.968,0.2115,0.18,109.0,1.12,ml
883,8.895,0.2123,0.06,250.0,0.96,ml
884,4.9,0.04183,0.19,116.0,0.92,ml
885,8.58,0.1189,0.2,112.0,1.33,ml
886,8.578,0.1302,0.09,158.0,1.02,ml
887,0.33,0.04452,0.12,68.0,0.89,ml
888,3.63,0.04478,0.16,46.0,2.25,ml
889,7.957,0.431,0.12,99.0,1.05,ml
890,15.043,0.04664,0.07,225.0,0.64,ml
891,9.403,0.03011,0.15,122.0,0.98,ml
892,8.79,0.03363,0.23,67.0,1.31,ml
893,16.728,0.1415,0.13,20.0,1.57,ml
894,14.493,0.0701,0.18,187.0,1.62,ml
895,8.667,0.0138,0.12,95.0,0.26,ml
896,7.852,0.1825,0.16,38.0,1.38,ml
897,8.095,0.04264,0.11,71.0,0.84,ml
898,4.318,0.02974,0.18,89.0,1.09,ml
899,6.995,0.08392,0.15,116.0,0.26,ml
900,13.346,0.09207,0.06,66.0,0.67,ml
901,8.514,0.0182,0.16,79.0,1.44,ml
902,8.263,0.0524,0.1,133.0,1.08,ml
903,8.15,0.02684,0.09,83.0,1.11,ml
904,6.44,0.08569,0.12,38.0,1.3,ml
905,8.722,0.0866,0.12,109.0,0.62,ml
906,7.336,0.1503,0.17,193.0,1.3,ml
907,2.952,0.1415,0.08,155.0,0.45,ml
908,8.986,0.1168,0.17,189.0,1.74,ml
909,5.58,0.03966,0.14,32.0,2.11,ml
910,5.46,0.05361,0.13,41.0,1.21,ml
911,7.522,0.02719,0.43,59.0,2.91,ml
912,12.047,0.02791,0.07,269.0,0.69,ml
913,1.756,0.08233,0.17,120.0,1.53,ml
914,7.249,0.08342,0.17,78.0,1.02,ml
915,8.318,0.1208,0.12,98.0,0.77,ml
916,13.398,0.06251,0.16,123.0,1.11,ml
917,7.487,0.06807,0.15,107.0,0.95,ml
918,3.306,0.06656,0.17,69.0,0.98,ml
919,-0.234,0.0653,0.1,71.0,1.1,ml
920,9.615,0.06573,0.07,102.0,0.72,ml
921,-0.338,0.08666,0.12,125.0,0.83,ml
922,6.864,0.02879,0.12,39.0,2.84,ml
923,2.341,0.03995,0.12,118.0,1.11,ml
924,4.041,0.06582,0.12,69.0,1.36,ml
925,6.594,0.07786,0.11,44.0,1.89,ml
926,7.461,0.01218,0.05,132.0,0.4,ml
927,7.304,0.03179,0.19,59.0,1.62,ml
928,0.702,0.0481,0.12,76.0,0.94,ml
929,9.848,0.04789,0.09,98.0,0.43,ml
930,8.525,0.02084,0.05,253.0,1.75,ml
931,17.131,0.02268,0.14,36.0,1.5,ml
932,3.603,0.02601,0.14,211.0,0.74,ml
933,3.648,0.03188,0.14,88.0,1.65,ml
934,15.005,0.08648,0.09,80.0,0.95,ml
935,14.595,0.01553,0.08,66.0,0.97,ml
936,11.493,0.06789,0.24,69.0,1.77,ml
937,11.459,0.02302,0.21,69.0,2.03,ml
938,2.997,0.08644,0.16,68.0,1.24,ml
939,4.093,0.04123,0.15,89.0,1.23,ml
940,8.67,0.2163,0.12,135.0,1.0,ml
941,7.723,0.07708,0.2,112.0,1.28,ml
942,15.798,0.01077,0.1,158.0,0.58,ml
943,3.922,0.05587,0.16,109.0,0.92,ml
944,5.354,0.05559,0.17,50.0,1.32,ml
945,8.987,0.04879,0.08,136.0,0.59,ml
946,12.372,0.03025,0.18,86.0,1.0,ml
947,7.692,0.07017,0.17,116.0,1.02,ml
948,9.998,0.04404,0.14,31.0,1.74,ml
949,16.255,0.07416,0.07,98.0,0.71,ml
950,15.955,0.08468,0.07,90.0,0.16,ml
951,15.215,0.0927,0.09,78.0,0.74,ml
952,6.701,0.03094,0.21,115.0,1.14,ml
953,7.829,0.06051,0.1,89.0,0.45,ml
954,13.945,0.0241,0.06,82.0,0.13,ml
955,12.813,0.06531,0.19,65.0,1.11,ml
956,4.188,0.05092,0.11,137.0,0.54,ml
957,1.065,0.01063,0.12,91.0,0.61,ml
958,7.359,0.02133,0.12,76.0,1.11,ml
959,5.295,0.03547,0.09,130.0,0.81,ml
960,17.619,0.06816,0.09,125.0,0.86,ml
961,6.594,0.06058,0.15,39.0,3.39,ml
962,15.595,0.03308,0.12,65.0,1.2,ml
963,8.828,0.07268,0.12,79.0,1.05,ml
964,13.006,0.03125,0.06,77.0,0.33,ml
965,2.641,0.02869,0.14,67.0,1.24,ml
966,6.396,0.05006,0.12,79.0,1.39,ml
967,14.498,0.08427,0.08,121.0,0.44,ml
968,4.652,0.05974,0.12,152.0,1.08,ml
969,3.422,0.04935,0.11,127.0,0.58,ml
970,13.018,0.05272,0.15,86.0,1.92,ml
971,12.918,0.04806,0.15,60.0,1.76,ml
972,14.935,0.05998,0.09,57.0,1.0,ml
973,3.361,0.05465,0.14,113.0,1.08,ml
974,15.199,0.04793,0.13,80.0,0.74,ml
975,15.035,0.05242,0.13,34.0,1.47,ml
976,15.515,0.04862,0.11,85.0,0.88,ml
977,15.585,0.04928,0.09,92.0,0.37,ml
978,15.921,0.04482,0.2,90.0,0.37,ml
979,15.135,0.05432,0.11,48.0,1.1,ml
980,14.865,0.04923,0.1,59.0,0.83,ml
981,15.675,0.05661,0.2,65.0,0.19,ml
982,15.345,0.0501,0.09,93.0,0.44,ml
983,15.845,0.04904,0.12,105.0,0.52,ml
984,16.435,0.04095,0.18,72.0,0.73,ml
985,15.355,0.04907,0.11,96.0,0.46,ml
986,15.045,0.05515,0.09,51.0,1.14,ml
987,15.115,0.04998,0.2,22.0,1.5,ml
988,14.945,0.05591,0.07,116.0,0.87,ml
989,15.005,0.04811,0.08,190.0,0.8,mh
990,14.667,0.05675,0.07,176.0,1.16,ml
991,14.915,0.08213,0.07,167.0,2.5,ml
992,15.085,0.06397,0.16,18.0,3.19,ml
993,14.865,0.09684,0.1,89.0,0.44,ml
994,15.055,0.03566,0.13,28.0,1.45,ml
995,14.725,0.03622,0.06,114.0,0.63,ml
996,15.115,0.06032,0.14,33.0,1.65,ml
997,3.684,0.03508,0.17,194.0,1.18,ml
998,18.486,0.009713,0.13,34.0,1.37,ml
999,9.164,0.07622,0.11,75.0,0.63,ml
1000,8.913,0.03019,0.11,64.0,0.86,ml
1001,3.445,0.06424,0.12,47.0,1.65,ml
1002,14.62,0.03238,0.11,97.0,0.83,ml
1003,6.865,0.07838,0.1,83.0,1.12,ml
1004,0.432,0.07869,0.12,68.0,0.01,ml
1005,0.514,0.03763,0.12,89.0,0.6,ml
1006,10.564,0.0218,0.33,102.0,1.17,ml
1007,14.474,0.05328,0.13,89.0,0.72,ml
1008,14.187,0.04881,0.08,93.0,0.08,ml
1009,7.419,0.06367,0.12,52.0,1.03,ml
1010,7.849,0.02822,0.16,53.0,1.38,ml
1011,16.903,0.05851,0.12,63.0,1.01,ml
1012,14.126,0.04853,0.08,94.0,0.38,ml
1013,10.122,0.05895,0.09,55.0,1.11,ml
1014,13.904,0.01095,0.11,82.0,0.91,ml
1015,5.436,0.05842,0.11,61.0,1.49,ml
1016,7.439,0.08773,0.1,107.0,0.88,ml
1017,7.813,0.02156,0.16,22.0,1.34,ml
1018,14.484,0.05338,0.15,45.0,1.06,ml
1019,6.339,0.06053,0.12,43.0,1.07,ml
1020,8.848,0.1005,0.1,68.0,1.03,ml
1021,13.087,0.1026,0.25,50.0,2.01,ml
1022,8.083,0.0436,0.12,91.0,0.61,ml
1023,7.099,0.04002,0.21,59.0,1.89,ml
1024,6.883,0.07676,0.14,65.0,1.06,ml
1025,15.338,0.03771,0.06,111.0,0.34,ml
1026,12.508,0.1046,0.11,119.0,1.05,ml
1027,13.108,0.05631,0.13,119.0,0.49,ml
1028,16.525,0.02679,0.12,35.0,0.99,ml
1029,9.038,0.03259,0.09,98.0,0.3,ml
1030,6.84,0.02163,0.13,68.0,0.78,ml
1031,9.598,0.07924,0.11,124.0,0.31,ml
1032,9.636,0.1053,0.24,131.0,0.92,ml
1033,6.79,0.1062,0.12,36.0,1.65,ml
1034,-0.279,0.1162,0.07,154.0,-0.21,ml
1035,16.607,0.08542,0.08,88.0,0.67,ml
1036,6.383,0.04114,0.21,87.0,1.23,ml
1037,7.269,0.1027,0.11,63.0,0.68,ml
1038,15.525,0.09329,0.13,37.0,0.73,ml
1039,9.719,0.06344,0.14,233.0,0.63,ml
1040,13.124,0.0435,0.19,58.0,1.18,ml
1041,5.207,0.0277,0.14,125.0,1.09,ml
1042,14.998,0.05894,0.11,108.0,0.58,ml
1043,2.589,0.005004,0.17,58.0,0.74,ml
1044,7.85,0.1122,0.18,28.0,1.94,ml
1045,2.081,0.01561,0.09,92.0,0.66,ml
1046,14.598,0.09096,0.09,121.0,0.46,ml
1047,11.028,0.06355,0.08,140.0,0.61,ml
1048,9.551,0.1194,0.14,39.0,1.44,ml
1049,7.636,0.06552,0.17,131.0,1.64,ml
1050,16.05,0.1095,0.07,189.0,0.73,ml
1051,10.558,0.05874,0.14,83.0,1.11,ml
1052,5.916,0.02002,0.1,79.0,0.54,ml
1053,6.766,0.06948,0.09,74.0,1.58,ml
1054,7.595,0.03724,0.21,137.0,1.62,ml
1055,11.291,0.02543,0.04,109.0,0.24,ml
1056,8.454,0.174,0.24,103.0,2.27,ml
1057,17.125,0.07271,0.19,48.0,2.01,ml
1058,6.929,0.1954,0.2,70.0,1.26,ml
1059,14.743,0.01153,0.15,41.0,1.34,ml
1060,14.456,0.01467,0.12,210.0,0.62,ml
1061,0.992,0.01597,0.06,86.0,-0.04,ml
1062,14.604,0.1215,0.09,62.0,0.82,ml
1063,15.326,0.0633,0.08,90.0,0.65,ml
1064,4.335,0.07755,0.09,64.0,1.44,ml
1065,4.252,0.07918,0.12,81.0,0.6,ml
1066,3.812,0.01096,0.11,85.0,0.77,ml
1067,4.442,0.08379,0.07,86.0,0.95,ml
1068,4.401,0.04717,0.17,71.0,1.43,ml
1069,15.898,0.1239,0.05,127.0,0.41,ml
1070,17.046,0.04637,0.09,138.0,0.65,ml
1071,3.976,0.04932,0.19,112.0,1.99,ml
1072,0.475,0.04904,0.13,147.0,-0.15,ml
1073,10.755,0.003664,0.09,141.0,0.66,ml
1074,13.694,0.153,0.08,80.0,0.61,ml
1075,5.342,0.03576,0.15,89.0,0.99,ml
1076,13.304,0.02918,0.07,112.0,0.71,ml
1077,13.935,0.03737,0.07,122.0,0.58,ml
1078,13.374,0.05948,0.15,27.0,2.49,ml
1079,8.626,0.04537,0.19,47.0,2.02,ml
1080,7.697,0.1164,0.13,139.0,1.33,ml
1081,3.01,0.1013,0.14,52.0,1.01,ml
1082,8.689,0.09703,0.24,49.0,2.26,ml
1083,3.942,0.08998,0.11,224.0,0.01,ml
1084,13.708,0.03606,0.17,182.0,0.75,ml
1085,16.923,0.03014,0.09,81.0,0.54,ml
1086,13.82,0.115,0.12,51.0,1.17,ml
1087,14.505,0.0886,0.16,120.0,0.72,ml
1088,14.325,0.1268,0.15,61.0,1.62,ml
1089,7.291,0.1272,0.19,136.0,1.31,ml
1090,3.214,0.233,0.09,97.0,0.96,ml
1091,14.779,0.03266,0.11,70.0,1.06,ml
1092,14.845,0.02467,0.08,145.0,0.71,ml
1093,6.119,0.0367,0.12,81.0,0.98,ml
1094,9.989,0.03926,0.12,81.0,1.77,ml
1095,10.429,0.0404,0.17,81.0,2.02,ml
1096,18.109,0.07688,0.12,105.0,2.08,ml
1097,0.562,0.1177,0.1,82.0,0.06,ml
1098,17.566,0.09063,0.06,146.0,0.56,ml
1099,16.209,0.09365,0.05,164.0,-0.12,ml
1100,16.507,0.05487,0.04,162.0,0.06,ml
1101,4.512,0.1798,0.08,235.0,0.28,ml
1102,6.995,0.1958,0.15,66.0,0.95,ml
1103,3.989,0.02868,0.22,83.0,1.67,ml
1104,5.749,0.105,0.19,91.0,1.19,ml
1105,7.345,0.0788,0.22,88.0,1.49,ml
1106,2.978,0.03213,0.07,104.0,0.81,ml
1107,12.883,0.04681,0.17,242.0,0.66,ml
1108,13.611,0.04595,0.12,76.0,0.44,ml
1109,11.179,0.0286,0.12,281.0,0.44,ml
1110,14.558,0.02484,0.16,310.0,0.4,ml
1111,15.134,0.06184,0.15,118.0,0.9,ml
1112,1.272,0.01172,0.05,122.0,0.27,ml
1113,14.512,0.01071,0.05,81.0,0.66,ml
1114,14.172,0.03988,0.05,82.0,0.57,ml
1115,0.572,0.09297,0.14,82.0,0.8,ml
1116,7.237,0.1068,0.08,83.0,0.56,ml
1117,3.503,0.07797,0.14,50.0,0.81,ml
1118,1.66,0.05149,0.17,67.0,-0.01,ml
1119,1.482,0.07977,0.13,69.0,0.08,ml
1120,8.877,0.08532,0.11,98.0,0.79,ml
1121,0.572,0.01096,0.09,151.0,1.17,ml
1122,14.903,0.08337,0.13,48.0,1.49,ml
1123,8.333,0.08024,0.19,133.0,1.37,ml
1124,11.74,0.08039,0.14,27.0,1.37,ml
1125,8.132,0.08844,0.24,73.0,1.13,ml
1126,3.077,0.08064,0.14,68.0,1.39,ml
1127,1.152,0.09712,0.12,70.0,0.82,ml
1128,4.167,0.08821,0.16,63.0,1.68,ml
1129,3.864,0.08565,0.18,74.0,1.26,ml
1130,4.211,0.04134,0.16,167.0,1.09,ml
1131,1.763,0.07844,0.15,56.0,1.92,ml
1132,2.882,0.02895,0.13,71.0,1.1,ml
1133,1.341,0.007214,0.13,79.0,2.26,ml
1134,2.646,0.09705,0.2,78.0,1.61,ml
1135,1.727,0.02918,0.13,56.0,2.04,ml
1136,9.204,0.086,0.21,85.0,1.64,ml
1137,6.501,0.009998,0.19,57.0,1.56,ml
1138,2.932,0.02756,0.11,162.0,0.51,ml
1139,5.202,0.09525,0.07,145.0,0.04,ml
1140,11.74,0.03021,0.18,171.0,1.19,ml
1141,18.258,0.07062,0.14,35.0,1.29,ml
1142,1.653,0.07875,0.13,88.0,0.33,ml
1143,4.562,0.07975,0.11,146.0,-0.03,ml
1144,1.262,0.06202,0.12,93.0,-0.15,ml
1145,1.038,0.0588,0.14,93.0,1.45,ml
1146,0.652,0.03119,0.09,82.0,0.85,ml
1147,2.023,0.05775,0.11,54.0,0.77,ml
1148,8.023,0.1167,0.1,90.0,1.08,ml
1149,7.799,0.07793,0.15,53.0,1.54,ml
1150,1.512,0.06196,0.1,62.0,1.36,ml
1151,11.538,0.07729,0.08,194.0,0.41,ml
1152,0.176,0.09488,0.13,125.0,-0.02,ml
1153,14.718,0.09762,0.06,110.0,0.9,ml
1154,14.447,0.01317,0.15,160.0,0.43,ml
1155,16.301,0.2149,0.08,99.0,0.74,ml
1156,14.328,0.0133,0.08,110.0,0.78,ml
1157,8.315,0.02594,0.09,100.0,0.42,ml
1158,0.868,0.0624,0.13,132.0,1.46,ml
1159,10.538,0.1039,0.13,201.0,0.76,ml
1160,13.64,0.04606,0.19,116.0,1.6,ml
1161,2.836,0.08869,0.09,110.0,1.25,ml
1162,4.482,0.04487,0.09,87.0,0.95,ml
1163,6.044,0.03862,0.14,90.0,1.08,ml
1164,2.764,0.1382,0.14,118.0,1.18,ml
1165,16.542,0.038,0.18,99.0,1.04,ml
1166,7.733,0.01369,0.16,96.0,1.24,ml
1167,7.314,0.01088,0.2,51.0,1.14,ml
1168,14.615,0.1421,0.11,74.0,0.81,ml
1169,9.127,0.08774,0.11,97.0,0.68,ml
1170,6.351,0.1483,0.12,63.0,1.56,ml
1171,12.624,0.08808,0.12,58.0,1.54,ml
1172,4.572,0.07468,0.06,145.0,0.78,ml
1173,4.412,0.2107,0.08,143.0,1.15,ml
1174,2.605,0.2971,0.11,146.0,1.02,ml
1175,11.261,0.0381,0.09,204.0,0.89,ml
1176,4.207,0.01504,0.16,94.0,1.07,ml
1177,14.434,0.01882,0.15,56.0,1.1,ml
1178,5.406,0.07388,0.12,51.0,1.08,ml
1179,4.777,0.04937,0.16,110.0,0.58,ml
1180,14.163,0.01241,0.08,287.0,0.55,ml
1181,14.708,0.03683,0.12,110.0,0.72,ml
1182,4.762,0.04084,0.09,126.0,1.34,ml
1183,2.977,0.05632,0.08,200.0,0.24,ml
1184,15.545,0.04341,0.13,43.0,1.0,ml
1185,10.695,0.05493,0.17,106.0,1.0,ml
1186,11.817,0.01695,0.3,81.0,2.0,ml
1187,16.598,0.04193,0.08,145.0,0.74,ml
1188,-0.364,0.03994,0.07,126.0,0.04,ml
1189,14.808,0.1312,0.11,93.0,0.91,ml
1190,8.344,0.03533,0.13,83.0,1.62,ml
1191,16.019,0.03067,0.12,40.0,1.44,ml
1192,12.639,0.04408,0.08,58.0,0.64,ml
1193,9.517,0.07993,0.09,96.0,0.34,ml
1194,8.737,0.06921,0.09,136.0,0.31,ml
1195,10.355,0.5909,0.21,119.0,0.96,ml
1196,0.068,0.158,0.19,90.0,1.45,ml
1197,0.542,0.07908,0.16,85.0,0.72,ml
1198,1.227,0.02368,0.1,99.0,-0.11,ml
1199,7.977,0.02971,0.19,28.0,2.13,ml
1200,16.486,0.02675,0.11,30.0,1.79,ml
1201,21.266,0.04337,0.46,228.0,2.5,ml
1202,18.852,0.06518,0.21,260.0,1.08,ml
1203,17.34,0.02386,0.11,27.0,2.05,ml
1204,0.972,0.07584,0.08,65.0,0.03,ml
1205,14.217,0.01188,0.04,124.0,0.87,ml
1206,2.673,0.07599,0.13,102.0,0.97,ml
1207,15.821,0.06025,0.09,127.0,0.46,ml
1208,0.739,0.05509,0.13,95.0,0.38,ml
1209,18.606,0.06282,0.01,160.0,0.4,mh
1210,-0.414,0.06206,0.1,86.0,0.56,ml
1211,8.518,0.03349,0.17,109.0,0.64,ml
1212,2.202,0.09288,0.23,60.0,1.31,ml
1213,6.551,0.08651,0.15,85.0,0.98,ml
1214,6.492,0.06284,0.14,30.0,2.16,ml
1215,14.01,0.08674,0.13,132.0,0.47,ml
1216,13.944,0.01441,0.14,132.0,0.77,ml
1217,12.08,0.02687,0.17,173.0,0.85,ml
1218,6.841,0.03299,0.16,59.0,2.49,ml
1219,6.944,0.03322,0.19,48.0,1.49,ml
1220,10.958,0.02616,0.06,116.0,0.25,ml
1221,12.249,0.02256,0.16,91.0,1.24,ml
1222,17.977,0.07791,0.09,55.0,0.78,ml
1223,1.735,0.05891,0.12,118.0,1.0,ml
1224,6.765,0.04514,0.23,201.0,1.09,ml
1225,7.163,0.05048,0.23,49.0,1.9,ml
1226,1.249,0.05586,0.11,109.0,0.87,ml
1227,2.385,0.004175,0.22,43.0,1.86,ml
1228,1.972,0.1419,0.13,95.0,0.6,ml
1229,8.694,0.09041,0.11,82.0,0.62,ml
1230,5.453,0.03867,0.18,60.0,1.58,ml
1231,2.228,0.0956,0.14,76.0,1.35,ml
1232,10.678,0.0408,0.14,45.0,0.93,ml
1233,0.961,0.03345,0.09,111.0,0.47,ml
1234,15.471,0.04282,0.14,32.0,1.23,ml
1235,10.99,0.09283,0.17,142.0,0.9,ml
1236,12.128,0.05025,0.16,150.0,0.58,ml
1237,10.864,0.02493,0.11,56.0,0.34,ml
1238,8.562,0.06419,0.15,62.0,1.08,ml
1239,7.718,0.08541,0.16,159.0,0.92,ml
1240,14.587,0.04392,0.14,36.0,2.04,ml
1241,16.362,0.04108,0.1,112.0,0.75,ml
1242,16.513,0.07414,0.04,77.0,0.43,ml
1243,16.914,0.09486,0.13,119.0,1.47,ml
1244,0.874,0.01768,0.09,67.0,0.79,ml
1245,16.931,0.1318,0.13,44.0,1.29,ml
1246,15.669,0.1051,0.08,84.0,0.31,ml
1247,16.203,0.04192,0.12,28.0,1.4,ml
1248,10.96,0.1025,0.15,159.0,0.87,ml
1249,3.049,0.01799,0.15,111.0,0.51,ml
1250,8.22,0.01521,0.16,82.0,0.79,ml
1251,6.933,0.04023,0.09,88.0,0.8,ml
1252,8.576,0.02406,0.11,91.0,1.23,ml
1253,13.835,0.1837,0.06,75.0,0.33,ml
1254,13.322,0.0442,0.14,83.0,0.85,ml
1255,7.632,0.03846,0.12,137.0,1.88,ml
1256,6.076,0.1662,0.22,130.0,1.06,ml
1257,9.638,0.02581,0.09,134.0,0.53,ml
1258,13.611,0.07686,0.12,89.0,0.72,ml
1259,3.414,0.04341,0.11,56.0,1.09,ml
1260,7.626,0.04579,0.1,79.0,0.61,ml
1261,17.276,0.006441,0.1,171.0,0.5,ml
1262,10.993,0.00633,0.19,84.0,1.24,ml
1263,15.128,0.005611,0.1,122.0,0.62,ml
1264,16.875,0.03223,0.07,125.0,0.54,ml
1265,14.111,0.2479,0.07,80.0,0.24,ml
1266,14.361,0.032,0.13,55.0,0.58,ml
1267,1.022,0.1008,0.07,67.0,0.89,ml
1268,1.102,0.046,0.09,66.0,0.77,ml
1269,0.612,0.04205,0.14,56.0,1.3,ml
1270,0.402,0.03881,0.13,75.0,0.25,ml
1271,7.276,0.05682,0.28,114.0,1.34,ml
1272,8.033,0.1539,0.2,123.0,1.37,ml
1273,11.851,0.03634,0.17,202.0,0.83,ml
1274,9.238,0.03647,0.12,96.0,0.67,ml
1275,15.967,0.03058,0.06,83.0,0.31,ml
1276,18.047,0.08201,0.16,42.0,1.21,ml
1277,2.868,0.05049,0.16,176.0,1.59,ml
1278,14.608,0.1109,0.14,117.0,0.8,ml
1279,2.588,0.08893,0.1,105.0,1.36,ml
1280,1.652,0.04001,0.18,93.0,0.4,ml
1281,0.563,0.008877,0.14,49.0,1.51,ml
1282,6.31,0.2735,0.15,76.0,1.21,ml
1283,15.469,0.04351,0.15,135.0,0.83,ml
1284,8.644,0.02986,0.17,166.0,0.95,ml
1285,5.944,0.1786,0.16,61.0,1.04,ml
1286,9.368,0.07462,0.1,141.0,0.26,ml
1287,7.579,0.1036,0.17,121.0,1.17,ml
1288,7.713,0.1377,0.09,266.0,0.54,ml
1289,16.002,0.1512,0.14,26.0,2.2,ml
1290,15.229,0.05488,0.13,74.0,1.01,ml
1291,7.098,0.08905,0.12,234.0,0.83,ml
1292,16.983,0.101,0.16,129.0,0.63,ml
1293,1.318,0.102,0.13,125.0,0.88,ml
1294,11.888,0.01079,0.19,30.0,2.02,ml
1295,6.124,0.1234,0.16,54.0,1.9,ml
1296,12.987,0.09841,0.14,140.0,0.62,ml
1297,7.184,0.06308,0.19,56.0,1.11,ml
1298,18.298,0.008877,0.17,76.0,0.91,ml
1299,11.014,0.04332,0.11,102.0,0.96,ml
1300,17.928,0.05567,0.11,70.0,0.7,ml
1301,1.756,0.0346,0.23,193.0,1.42,ml
1302,11.795,0.06444,0.23,135.0,1.43,ml
1303,18.076,0.1088,0.14,26.0,1.66,ml
1304,18.252,0.1221,0.11,120.0,0.28,ml
1305,5.207,0.03105,0.15,29.0,2.44,ml
1306,10.078,0.0676,0.16,123.0,0.7,ml
1307,9.486,0.1152,0.14,35.0,2.98,ml
1308,7.22,0.05317,0.22,161.0,0.96,ml
1309,7.841,0.07859,0.1,39.0,0.98,ml
1310,13.521,0.06861,0.17,79.0,1.45,ml
1311,2.269,0.09816,0.15,61.0,0.87,ml
1312,7.419,0.1611,0.09,88.0,0.46,ml
1313,8.787,0.08887,0.1,152.0,0.18,ml
1314,5.263,0.04498,0.22,41.0,1.62,ml
1315,6.954,0.08175,0.15,96.0,1.1,ml
1316,9.127,0.02089,0.16,123.0,1.65,ml
1317,1.407,0.06895,0.14,41.0,1.55,ml
1318,12.281,0.104,0.18,56.0,1.75,ml
1319,10.941,0.006391,0.18,145.0,0.9,ml
1320,5.212,0.07044,0.19,44.0,1.99,ml
1321,1.772,0.1115,0.15,44.0,1.65,ml
1322,2.406,0.05327,0.18,53.0,2.5,ml
1323,2.846,0.06701,0.12,80.0,0.49,ml
1324,-0.462,0.03011,0.15,126.0,0.73,ml
1325,6.124,0.0668,0.19,156.0,1.22,ml
1326,17.245,0.04709,0.2,109.0,0.41,ml
1327,1.688,0.1276,0.17,139.0,1.3,ml
1328,12.427,0.03995,0.14,120.0,0.93,ml
1329,8.671,0.1478,0.14,88.0,0.3,ml
1330,-0.33,0.05616,0.13,76.0,0.29,ml
1331,-0.234,0.08481,0.09,81.0,0.55,ml
1332,17.383,0.08788,0.09,55.0,0.72,ml
1333,11.895,0.08828,0.14,167.0,-0.02,ml
1334,12.173,0.04282,0.16,79.0,0.43,ml
1335,11.726,0.007739,0.14,124.0,0.46,ml
1336,11.607,0.3019,0.16,122.0,1.06,ml
1337,15.032,0.09121,0.12,51.0,1.0,ml
1338,3.122,0.002719,0.12,75.0,1.25,ml
1339,1.551,0.09121,0.13,94.0,0.85,ml
1340,3.873,0.08887,0.21,28.0,2.1,ml
1341,14.413,0.3185,0.08,78.0,0.78,ml
1342,-0.829,0.04001,0.17,83.0,1.39,ml
1343,3.277,0.05445,0.11,38.0,1.77,ml
1344,1.13,0.0381,0.09,64.0,0.69,ml
1345,6.754,0.02635,0.19,48.0,1.62,ml
1346,6.124,0.05337,0.2,47.0,1.43,ml
1347,6.765,0.1026,0.09,336.0,1.11,ml
1348,12.643,0.03657,0.11,80.0,1.01,ml
1349,9.892,0.03618,0.15,75.0,0.92,ml
1350,12.263,0.007825,0.09,108.0,0.79,ml
1351,1.522,0.1647,0.16,104.0,1.59,ml
1352,10.677,0.1387,0.11,64.0,1.2,ml
1353,-0.382,0.1865,0.13,125.0,1.37,ml
1354,11.461,0.03434,0.09,239.0,0.35,ml
1355,3.891,0.1194,0.18,61.0,1.31,ml
1356,0.289,0.04428,0.09,93.0,0.22,ml
1357,8.866,0.04418,0.11,165.0,0.69,ml
1358,11.564,0.1224,0.1,127.0,0.62,ml
1359,5.274,0.03318,0.13,104.0,1.08,ml
1360,3.077,0.03801,0.08,157.0,0.98,ml
1361,7.439,0.07323,0.16,115.0,1.44,ml
1362,13.885,0.01584,0.04,130.0,0.36,ml
1363,6.093,0.03684,0.2,49.0,1.27,ml
1364,4.075,0.08797,0.18,94.0,1.08,ml
1365,2.512,0.09072,0.16,60.0,1.42,ml
1366,2.38,0.647,0.21,19.0,3.19,ml
1367,9.955,0.02861,0.24,19.0,3.63,ml
1368,4.216,0.07538,0.14,85.0,0.96,ml
1369,7.622,0.03643,0.19,59.0,1.48,ml
1370,2.431,0.1008,0.14,107.0,0.85,ml
1371,17.856,0.04474,0.08,155.0,0.93,ml
1372,4.453,0.0802,0.07,336.0,1.12,ml
1373,0.152,0.139,0.12,71.0,1.47,ml
1374,4.474,0.1118,0.19,79.0,1.22,ml
1375,3.875,0.03722,0.12,199.0,0.3,ml
1376,1.712,0.09203,0.08,121.0,0.79,ml
1377,5.747,0.07709,0.17,91.0,1.77,ml
1378,3.281,0.02397,0.16,114.0,0.71,ml
1379,7.868,0.01703,0.09,94.0,0.86,ml
1380,0.088,0.01964,0.14,81.0,1.27,ml
1381,1.362,0.09269,0.22,56.0,1.25,ml
1382,2.571,0.06799,0.2,95.0,1.36,ml
1383,2.641,0.02005,0.13,108.0,0.83,ml
1384,13.756,0.09127,0.12,39.0,1.51,ml
1385,5.783,0.008934,0.15,86.0,1.34,ml
1386,2.965,0.01002,0.17,106.0,1.67,ml
1387,0.125,0.02425,0.21,101.0,1.7,ml
1388,3.216,0.03278,0.07,82.0,0.36,ml
1389,5.308,0.03439,0.14,105.0,1.03,ml
1390,4.814,0.05502,0.22,48.0,1.4,ml
1391,0.932,0.0244,0.12,67.0,0.01,ml
1392,1.011,0.05528,0.06,133.0,-0.02,ml
1393,5.808,0.03452,0.16,104.0,0.98,ml
1394,12.255,0.03199,0.06,165.0,1.01,ml
1395,8.917,0.02499,0.15,121.0,0.66,ml
1396,10.093,0.04959,0.12,59.0,1.09,ml
1397,3.045,0.01387,0.23,47.0,1.13,ml
1398,9.913,0.03736,0.14,50.0,1.39,ml
1399,3.033,0.04017,0.11,117.0,0.94,ml
1400,3.182,0.08243,0.12,70.0,0.24,ml
1401,3.393,0.03603,0.26,84.0,0.86,ml
1402,14.605,0.0878,0.17,70.0,0.91,ml
1403,8.878,0.041,0.09,145.0,0.9,ml
1404,2.879,0.1171,0.16,26.0,2.27,ml
1405,2.682,0.03925,0.12,74.0,1.59,ml
1406,2.822,0.03781,0.18,95.0,0.95,ml
1407,2.299,0.07741,0.15,58.0,1.27,ml
1408,1.571,0.1292,0.1,114.0,0.61,ml
1409,2.889,0.1323,0.08,83.0,1.8,ml
1410,2.934,0.03502,0.19,22.0,4.43,mw
1411,2.65,0.03297,0.09,180.0,1.1,ml
1412,14.948,0.07689,0.15,56.0,1.17,ml
1413,13.975,0.04184,0.05,133.0,0.29,ml
1414,10.475,0.02619,0.07,100.0,0.51,ml
1415,8.299,0.07547,0.17,73.0,1.27,ml
1416,8.079,0.05017,0.21,74.0,1.68,ml
1417,19.548,0.04072,0.15,55.0,1.01,ml
1418,9.968,0.04936,0.08,83.0,1.27,ml
1419,8.175,0.03599,0.11,100.0,0.9,ml
1420,7.627,0.0214,0.12,100.0,1.21,ml
1421,7.611,0.02797,0.14,162.0,0.94,ml
1422,9.125,0.1671,0.12,138.0,0.65,ml
1423,1.888,0.0806,0.11,53.0,1.5,ml
1424,2.507,0.05968,0.05,245.0,0.83,ml
1425,7.624,0.06109,0.17,71.0,1.65,ml
1426,-1.248,0.04678,0.11,86.0,0.74,ml
1427,13.499,0.03616,0.14,94.0,0.94,ml
1428,13.911,0.4145,0.16,42.0,2.24,ml
1429,11.98,0.02903,0.08,72.0,1.17,ml
1430,16.086,0.1061,0.08,141.0,0.86,ml
1431,9.436,0.02686,0.12,206.0,1.9,ml
1432,9.324,0.1593,0.11,82.0,0.39,ml
1433,6.987,0.2798,0.11,64.0,1.21,ml
1434,3.363,0.1043,0.14,70.0,1.43,ml
1435,2.314,0.1072,0.11,238.0,1.26,ml
1436,3.682,0.103,0.14,44.0,1.77,ml
1437,8.322,0.08336,0.17,72.0,2.3,ml
1438,9.552,0.1006,0.12,138.0,0.35,ml
1439,18.827,0.1487,0.12,75.0,0.69,ml
1440,13.254,0.03554,0.14,154.0,0.63,ml
1441,7.66,0.02921,0.16,49.0,1.63,ml
1442,1.716,0.2531,0.15,125.0,1.09,ml
1443,10.272,0.06847,0.12,125.0,0.42,ml
1444,2.093,0.03884,0.16,113.0,1.94,ml
1445,15.851,0.01648,0.1,144.0,0.79,ml
1446,7.92,0.1087,0.16,162.0,2.64,ml
1447,2.596,0.1493,0.15,39.0,1.69,ml
1448,16.482,0.01751,0.08,72.0,0.59,ml
1449,1.016,0.04,0.09,126.0,0.75,ml
1450,5.886,0.02567,0.16,295.0,1.0,ml
1451,13.985,0.02858,0.24,58.0,1.21,ml
1452,8.517,0.1062,0.13,100.0,1.23,ml
1453,8.655,0.07432,0.11,172.0,0.99,ml
1454,11.871,0.04876,0.11,158.0,0.79,ml
1455,4.104,0.07325,0.15,117.0,1.41,ml
1456,2.442,0.101,0.06,73.0,1.13,ml
1457,9.859,0.09482,0.1,72.0,0.43,ml
1458,6.673,0.04223,0.15,86.0,1.4,ml
1459,6.309,0.08004,0.2,72.0,2.03,ml
1460,12.692,0.05562,0.1,101.0,0.69,ml
1461,14.917,0.06455,0.11,61.0,1.2,ml
1462,1.767,0.0877,0.11,126.0,0.39,ml
1463,8.345,0.03779,0.1,136.0,0.36,ml
1464,12.291,0.06077,0.09,100.0,0.54,ml
1465,8.913,0.08693,0.14,48.0,1.53,ml
1466,9.167,0.1331,0.13,138.0,0.67,ml
1467,7.799,0.04527,0.11,64.0,0.88,ml
1468,15.136,0.09771,0.16,131.0,1.22,ml
1469,12.042,0.03786,0.14,87.0,1.1,ml
1470,9.482,0.0725,0.19,210.0,1.77,ml
1471,11.577,0.04877,0.18,122.0,1.65,ml
1472,1.782,0.03548,0.17,39.0,1.93,ml
1473,8.254,0.07603,0.19,58.0,2.43,ml
1474,11.588,0.02838,0.2,81.0,1.23,ml
1475,3.887,0.05493,0.1,88.0,1.12,ml
1476,11.373,0.05773,0.14,102.0,0.8,ml
1477,15.567,0.1073,0.06,76.0,0.27,ml
1478,17.094,0.05827,0.14,38.0,1.17,ml
1479,12.731,0.04364,0.11,105.0,0.55,ml
1480,16.357,0.04305,0.13,80.0,0.58,ml
1481,2.876,0.08671,0.11,85.0,0.66,ml
1482,13.878,0.06074,0.15,82.0,1.07,ml
1483,9.346,0.04213,0.1,242.0,1.24,ml
1484,9.696,0.01551,0.1,241.0,1.28,ml
1485,9.222,0.1145,0.14,73.0,0.2,ml
1486,9.576,0.03784,0.11,224.0,1.98,ml
1487,17.797,0.04128,0.13,49.0,0.84,ml
1488,7.807,0.03767,0.13,48.0,1.54,ml
1489,7.094,0.04015,0.18,29.0,2.41,ml
1490,9.696,0.2773,0.1,224.0,2.15,ml
1491,13.173,0.0501,0.08,63.0,0.53,ml
1492,8.779,0.01053,0.23,85.0,1.12,ml
1493,17.582,0.02787,0.11,94.0,0.72,ml
1494,0.118,0.02925,0.18,90.0,2.03,ml
1495,1.738,0.01366,0.19,82.0,2.37,ml
1496,0.967,0.09023,0.15,44.0,2.11,ml
1497,0.386,0.04069,0.14,95.0,1.46,ml
1498,8.169,0.07752,0.14,49.0,1.89,ml
1499,15.485,0.1202,0.11,91.0,0.52,ml
1500,19.342,0.09203,0.09,74.0,0.91,ml
1501,6.807,0.05834,0.08,82.0,0.83,ml
1502,7.033,0.05723,0.14,42.0,1.87,ml
1503,19.122,0.0705,0.14,28.0,1.54,ml
1504,15.325,0.03008,0.14,84.0,1.22,ml
1505,8.82,0.03899,0.12,72.0,0.96,ml
1506,12.925,0.04107,0.14,102.0,0.57,ml
1507,10.502,0.02246,0.13,56.0,0.72,ml
1508,6.878,0.03137,0.13,66.0,1.14,ml
1509,15.308,0.1088,0.16,43.0,1.12,ml
1510,14.628,0.05348,0.06,104.0,0.73,ml
1511,8.261,0.06552,0.12,111.0,0.46,ml
1512,11.568,0.06702,0.1,102.0,0.5,ml
1513,9.437,0.07387,0.15,148.0,0.16,ml
1514,8.477,0.02493,0.11,98.0,0.79,ml
1515,4.965,0.1514,0.17,179.0,0.04,ml
1516,8.328,0.06939,0.13,155.0,0.34,ml
1517,11.472,0.02209,0.08,163.0,0.53,ml
1518,14.628,0.1429,0.13,109.0,0.73,ml
1519,13.49,0.01966,0.13,92.0,0.63,ml
1520,11.411,0.07474,0.11,96.0,0.68,ml
1521,8.704,0.169,0.16,28.0,1.91,ml
1522,6.707,0.0257,0.13,111.0,0.78,ml
1523,16.027,0.1116,0.12,241.0,2.54,ml
1524,11.021,0.3563,0.11,113.0,0.57,ml
1525,16.684,0.01066,0.11,110.0,0.3,ml
1526,15.779,0.009836,0.17,77.0,1.12,ml
1527,12.783,0.005849,0.27,265.0,1.3,ml
1528,11.048,0.04844,0.08,242.0,0.32,ml
1529,1.794,0.1284,0.14,54.0,1.71,ml
1530,12.631,0.02129,0.1,66.0,0.99,ml
1531,5.478,0.08427,0.17,48.0,1.88,ml
1532,6.383,0.06118,0.18,155.0,1.06,ml
1533,18.878,0.08556,0.07,78.0,0.68,ml
1534,9.208,0.01717,0.13,95.0,0.82,ml
1535,1.494,0.0538,0.09,148.0,1.15,ml
1536,12.095,0.0399,0.08,83.0,0.49,ml
1537,14.613,0.05357,0.14,90.0,1.06,ml
1538,8.408,0.02894,0.11,53.0,1.24,ml
1539,0.957,0.09205,0.09,164.0,0.87,ml
1540,6.663,0.06186,0.19,294.0,0.4,mh
1541,8.845,0.08976,0.13,143.0,0.21,ml
1542,6.923,0.04704,0.28,160.0,0.7,mh
1543,11.988,0.01603,0.12,67.0,0.95,ml
1544,17.228,0.01862,0.13,22.0,1.58,ml
1545,2.552,0.09167,0.13,113.0,0.64,ml
1546,4.628,0.0747,0.09,284.0,0.32,ml
1547,16.894,0.0357,0.14,94.0,0.82,ml
1548,10.291,0.01211,0.11,80.0,0.36,ml
1549,5.112,0.1419,0.12,76.0,1.37,ml
1550,13.195,0.6863,0.09,95.0,0.26,ml
1551,4.308,0.006998,0.16,69.0,1.67,ml
1552,18.551,0.1315,0.15,18.0,2.64,ml
1553,9.533,0.007888,0.16,51.0,0.93,ml
1554,4.712,0.05129,0.1,110.0,0.89,ml
1555,16.643,0.06082,0.13,130.0,0.72,ml
1556,4.87,0.01116,0.03,166.0,0.48,ml
1557,12.41,0.01357,0.19,68.0,1.06,ml
1558,7.699,0.04941,0.14,332.0,2.24,ml
1559,8.948,0.04145,0.1,69.0,1.13,ml
1560,12.963,0.1183,0.13,148.0,0.79,ml
1561,5.112,0.07445,0.06,145.0,0.82,ml
1562,1.339,0.1817,0.14,58.0,1.15,ml
1563,7.817,0.1027,0.14,138.0,2.07,ml
1564,4.482,0.2064,0.11,60.0,0.88,ml
1565,0.882,0.006293,0.16,147.0,0.86,ml
1566,2.588,0.03445,0.14,40.0,2.37,ml
1567,1.242,0.0004573,0.11,108.0,0.83,ml
1568,12.458,0.03372,0.1,182.0,0.5,ml
1569,16.002,0.02706,0.11,74.0,1.19,ml
1570,6.404,0.04252,0.09,53.0,2.13,ml
1571,3.154,0.06034,0.13,47.0,2.33,ml
1572,5.888,0.04005,0.14,227.0,0.91,ml
1573,5.422,0.1859,0.06,209.0,0.74,ml
1574,0.072,0.4886,0.05,93.0,0.54,ml
1575,7.315,0.1358,0.19,30.0,2.25,ml
1576,-1.298,0.06911,0.09,80.0,0.54,ml
1577,4.282,0.06776,0.05,135.0,0.21,ml
1578,9.147,0.2129,0.08,137.0,0.56,ml
1579,7.189,0.03731,0.15,73.0,1.78,ml
1580,7.482,0.07329,0.17,69.0,0.93,ml
1581,3.992,0.1248,0.26,54.0,1.44,ml
1582,9.579,0.1706,0.2,126.0,1.0,ml
1583,9.609,0.02204,0.16,152.0,1.46,ml
1584,13.841,0.07616,0.35,112.0,0.17,ml
1585,11.895,0.09673,0.23,53.0,0.72,ml
1586,1.64,0.008427,0.14,46.0,1.58,ml
1587,16.391,0.005216,0.15,64.0,1.48,ml
1588,9.122,0.01188,0.12,63.0,0.93,ml
1589,8.525,0.009447,0.14,181.0,0.66,ml
1590,17.289,0.01204,0.11,331.0,1.04,ml
1591,8.748,0.07341,0.1,105.0,0.55,ml
1592,11.901,0.02099,0.22,115.0,0.45,ml
1593,11.65,0.06426,0.17,85.0,1.05,ml
1594,1.043,0.006949,0.1,78.0,0.7,mh
1595,5.063,0.07723,0.15,96.0,0.5,mh
1596,19.538,0.05602,0.1,59.0,0.83,ml
1597,4.356,0.1567,0.15,68.0,2.47,ml
1598,9.128,0.1406,0.12,63.0,1.56,ml
1599,18.429,0.0384,0.13,36.0,1.62,ml
1600,4.973,0.07272,0.13,145.0,0.6,mh
1601,8.044,0.05942,0.21,163.0,0.56,ml
1602,6.712,0.1281,0.18,87.0,1.24,ml
1603,5.216,0.01466,0.09,92.0,0.66,ml
1604,14.337,0.09676,0.12,85.0,0.87,ml
1605,15.519,0.1352,0.11,218.0,0.43,ml
1606,3.565,0.04809,0.19,225.0,0.68,ml
1607,16.267,0.012,0.09,76.0,0.61,ml
1608,12.992,0.02998,0.13,99.0,1.04,ml
1609,3.585,0.01221,0.08,90.0,1.0,ml
1610,7.25,0.07505,0.37,195.0,2.81,ml
1611,6.246,0.1765,0.18,78.0,1.4,ml
1612,4.146,0.03684,0.13,204.0,1.31,ml
1613,11.201,0.007085,0.11,236.0,0.7,mh
1614,13.995,0.1061,0.06,100.0,0.07,ml
1615,4.232,0.1887,0.1,143.0,1.0,ml
1616,5.273,0.0133,0.18,292.0,0.2,mh
1617,9.108,0.01388,0.15,94.0,1.35,ml
1618,5.362,0.1721,0.14,149.0,0.95,ml
1619,5.322,0.01249,0.18,61.0,1.63,ml
1620,17.278,0.1133,0.06,191.0,0.58,ml
1621,4.621,0.01123,0.14,68.0,1.51,ml
1622,13.516,0.01478,0.11,113.0,0.55,ml
1623,8.72,0.1876,0.12,49.0,1.05,ml
1624,8.858,0.07864,0.07,159.0,0.45,ml
1625,8.688,0.04956,0.1,64.0,1.37,ml
1626,21.949,0.0689,0.14,60.0,1.8,ml
1627,5.622,0.04774,0.15,212.0,0.43,ml
1628,16.577,0.1372,0.12,107.0,0.95,ml
1629,4.182,0.1008,0.14,178.0,0.67,ml
1630,4.672,0.02031,0.07,104.0,1.07,ml
1631,9.407,0.02093,0.14,32.0,2.57,ml
1632,4.656,0.04577,0.12,74.0,0.65,ml
1633,17.023,0.0282,0.06,72.0,0.39,ml
1634,16.528,0.04136,0.16,47.0,0.98,ml
1635,16.823,0.01297,0.08,73.0,0.33,ml
1636,9.227,0.007218,0.11,100.0,0.58,ml
1637,9.534,0.01618,0.17,121.0,1.79,ml
1638,5.508,0.01376,0.05,289.0,-0.16,ml
1639,11.147,0.009803,0.29,60.0,2.36,ml
1640,14.981,0.007891,0.04,101.0,0.28,ml
1641,1.743,0.1176,0.13,301.0,0.7,mh
1642,4.304,0.09598,0.11,317.0,0.4,mh
1643,1.644,0.06194,0.14,267.0,0.6,mh
1644,4.197,0.04345,0.09,246.0,-0.35,ml
1645,4.76,0.03172,0.06,170.0,0.26,ml
1646,4.292,0.03123,0.11,141.0,0.56,ml
1647,4.64,0.04757,0.06,179.0,-0.12,ml
1648,5.75,0.07828,0.07,160.0,0.27,ml
1649,10.683,0.09837,0.18,37.0,1.26,ml
1650,19.046,0.06827,0.18,233.0,0.8,ml
1651,9.851,0.1036,0.09,143.0,0.44,ml
1652,7.979,0.0117,0.14,63.0,1.24,ml
1653,16.457,0.05294,0.05,87.0,0.86,ml
1654,0.102,0.09753,0.1,75.0,0.2,ml
1655,3.729,0.09971,0.09,83.0,0.63,ml
1656,9.76,0.009714,0.1,80.0,1.09,ml
1657,-0.943,0.04537,0.13,136.0,0.85,ml
1658,11.641,0.09072,0.08,124.0,0.74,ml
1659,8.085,0.06429,0.04,269.0,0.2,mh
1660,4.122,0.2412,0.1,67.0,1.18,ml
1661,10.515,0.05409,0.08,123.0,0.94,ml
1662,11.145,0.04519,0.36,26.0,1.4,ml
1663,12.371,0.0261,0.12,132.0,0.69,ml
1664,3.992,0.068,0.12,110.0,0.92,ml
1665,11.701,0.07277,0.08,72.0,0.47,ml
1666,7.174,0.06121,0.2,82.0,1.55,ml
1667,19.314,0.09493,0.13,105.0,0.77,ml
1668,10.321,0.03991,0.19,133.0,0.91,ml
1669,12.607,0.01846,0.17,86.0,1.33,ml
1670,7.954,0.02041,0.14,75.0,1.62,ml
1671,8.744,0.05725,0.16,109.0,1.0,ml
1672,10.209,0.009058,0.2,99.0,1.21,ml
1673,11.389,0.4075,0.2,100.0,0.9,ml
1674,4.229,0.05602,0.18,88.0,1.4,ml
1675,4.196,0.04957,0.15,102.0,0.59,ml
1676,12.77,0.008331,0.11,60.0,0.65,ml
1677,13.167,0.02728,0.1,59.0,0.53,ml
1678,8.381,0.02511,0.11,97.0,0.57,ml
1679,14.498,0.02773,0.1,63.0,1.02,ml
1680,0.143,0.03161,0.12,132.0,0.4,mh
1681,13.785,0.05371,0.21,248.0,2.16,ml
1682,5.489,0.0192,0.12,67.0,0.85,ml
1683,13.761,0.1632,0.13,67.0,0.46,ml
1684,0.113,0.07129,0.09,89.0,0.41,ml
1685,0.152,0.0425,0.07,77.0,0.38,ml
1686,-1.108,0.0424,0.12,75.0,0.82,ml
1687,0.062,0.0487,0.15,70.0,1.02,ml
1688,-1.194,0.04616,0.1,161.0,1.73,ml
1689,5.464,0.03789,0.14,84.0,0.81,ml
1690,6.173,0.09181,0.21,86.0,1.39,ml
1691,14.67,0.08738,0.12,106.0,0.91,ml
1692,11.834,0.06809,0.22,155.0,1.38,ml
1693,10.681,0.03901,0.13,98.0,1.02,ml
1694,9.548,0.04224,0.08,135.0,0.38,ml
1695,10.681,0.09847,0.08,99.0,1.63,ml
1696,10.212,0.1881,0.08,209.0,0.43,ml
1697,5.095,0.07509,0.09,104.0,0.49,ml
1698,3.387,0.07356,0.11,130.0,1.08,ml
1699,5.513,0.007735,0.18,204.0,0.85,ml
1700,11.168,0.1015,0.06,123.0,0.45,ml
1701,8.803,0.08681,0.09,196.0,0.47,ml
1702,8.784,0.1498,0.14,99.0,0.96,ml
1703,7.0,0.009927,0.14,100.0,0.38,ml
1704,3.822,0.07432,0.1,74.0,1.5,ml
1705,14.954,0.108,0.06,199.0,0.91,ml
1706,13.07,0.1083,0.14,44.0,1.04,ml
1707,5.0,0.08304,0.05,179.0,1.16,ml
1708,10.398,0.07059,0.12,162.0,1.18,ml
1709,8.179,0.02922,0.18,56.0,0.7,ml
1710,3.965,0.09243,0.15,207.0,0.49,ml
1711,4.6,0.04059,0.06,174.0,0.88,ml
1712,2.813,0.1082,0.09,134.0,0.78,ml
1713,13.079,0.004845,0.12,103.0,0.47,ml
1714,14.099,0.0439,0.16,103.0,1.13,ml
1715,8.153,0.008977,0.1,36.0,1.11,ml
1716,10.089,0.01776,0.19,100.0,1.23,ml
1717,0.482,0.05768,0.09,76.0,0.95,ml
1718,7.982,0.1373,0.12,111.0,0.98,ml
1719,10.144,0.05135,0.12,98.0,0.71,ml
1720,8.941,0.0657,0.1,99.0,0.55,ml
1721,5.436,0.05153,0.03,164.0,0.58,ml
1722,8.014,0.04292,0.15,21.0,2.54,ml
1723,19.198,0.04265,0.11,72.0,0.9,ml
1724,17.858,0.0271,0.07,142.0,0.29,ml
1725,2.272,0.03785,0.15,166.0,0.38,ml
1726,12.817,0.3114,0.09,117.0,0.8,ml
1727,9.014,0.05051,0.13,41.0,1.55,ml
1728,11.221,0.05754,0.05,108.0,0.58,ml
1729,1.935,0.1181,0.13,27.0,2.16,ml
1730,4.032,0.109,0.08,93.0,0.42,ml
1731,16.628,0.08603,0.1,70.0,1.11,ml
1732,9.164,0.02512,0.07,37.0,1.21,ml
1733,14.157,0.03045,0.05,72.0,0.5,ml
1734,12.499,0.006461,0.1,274.0,1.87,ml
1735,17.203,0.04391,0.09,74.0,0.82,ml
1736,13.708,0.01579,0.13,38.0,1.44,ml
1737,15.112,0.009202,0.13,53.0,1.26,ml
1738,15.452,0.03878,0.25,103.0,1.39,ml
1739,13.84,0.03998,0.13,99.0,1.01,ml
1740,9.45,0.04821,0.12,34.0,1.59,ml
1741,12.795,0.04328,0.14,45.0,1.21,ml
1742,5.063,0.02084,0.27,144.0,0.8,mh
1743,15.095,0.01044,0.08,68.0,0.75,ml
1744,2.883,0.008721,0.18,179.0,0.7,mh
1745,1.063,0.07347,0.13,41.0,1.18,ml
1746,14.827,0.1168,0.07,99.0,0.78,ml
1747,14.587,0.01283,0.07,73.0,1.38,ml
1748,14.895,0.08974,0.16,39.0,1.38,ml
1749,15.365,0.08244,0.12,66.0,0.53,ml
1750,9.95,0.0775,0.09,104.0,0.4,ml
1751,0.853,0.114,0.13,60.0,1.11,ml
1752,0.703,0.03628,0.14,44.0,1.41,ml
1753,8.099,0.005257,0.12,127.0,0.99,ml
1754,14.913,0.03932,0.09,107.0,0.44,ml
1755,8.878,0.06018,0.08,143.0,0.51,ml
1756,17.193,0.05607,0.1,53.0,1.01,ml
1757,1.427,0.02589,0.11,117.0,0.82,ml
1758,14.975,0.104,0.1,80.0,0.72,ml
1759,9.467,0.07333,0.12,145.0,1.22,ml
1760,16.237,0.06591,0.13,65.0,0.49,ml
1761,1.062,0.04805,0.07,97.0,0.39,ml
1762,8.724,0.05095,0.11,97.0,0.58,ml
1763,8.689,0.01012,0.2,83.0,1.83,ml
1764,9.069,0.1178,0.2,76.0,2.09,ml
1765,6.483,0.0409,0.18,88.0,1.31,ml
1766,10.908,0.1133,0.14,119.0,1.75,ml
1767,8.26,0.02752,0.11,65.0,0.85,ml
1768,14.691,0.02085,0.13,128.0,0.32,ml
1769,3.749,0.01661,0.09,94.0,0.47,ml
1770,9.732,0.03142,0.14,94.0,2.13,ml
1771,8.688,0.05041,0.11,67.0,0.79,ml
1772,5.018,0.04924,0.18,65.0,1.04,ml
1773,8.7,0.0257,0.14,126.0,0.54,ml
1774,9.381,0.1065,0.11,117.0,0.76,ml
1775,4.513,0.04638,0.25,209.0,0.55,ml
1776,8.135,0.03705,0.12,105.0,0.94,ml
1777,8.528,0.07712,0.07,146.0,0.98,ml
1778,4.327,0.05128,0.07,183.0,0.2,ml
1779,7.852,0.04832,0.17,80.0,1.58,ml
1780,10.132,0.02341,0.15,106.0,2.72,ml
1781,13.072,0.05308,0.2,89.0,1.8,ml
1782,1.393,0.03842,0.14,127.0,0.97,ml
1783,9.322,0.1597,0.17,91.0,2.19,ml
1784,10.272,0.03558,0.15,97.0,1.49,ml
1785,12.701,0.06501,0.12,36.0,1.27,ml
1786,7.762,0.02179,0.17,77.0,1.42,ml
1787,8.139,0.1075,0.17,70.0,1.64,ml
1788,-0.478,0.1264,0.09,82.0,0.14,ml
1789,8.662,0.1101,0.21,98.0,1.79,ml
1790,14.651,0.04088,0.14,203.0,1.44,ml
1791,13.827,0.04118,0.13,156.0,1.21,ml
1792,10.662,0.09743,0.16,100.0,0.97,ml
1793,15.578,0.0479,0.17,62.0,1.14,ml
1794,17.057,0.006219,0.1,115.0,0.59,ml
1795,9.651,0.127,0.13,99.0,0.53,ml
1796,10.368,0.09771,0.18,88.0,1.04,ml
1797,8.941,0.03215,0.11,126.0,0.57,ml
1798,8.875,0.02212,0.11,77.0,0.76,ml
1799,8.274,0.02837,0.13,122.0,0.97,ml
1800,9.607,0.02313,0.07,126.0,0.61,ml
1801,0.142,0.1157,0.11,85.0,0.88,ml
1802,5.03,0.09596,0.07,178.0,0.2,ml
1803,10.747,0.02343,0.16,51.0,1.09,ml
1804,7.665,0.06392,0.14,203.0,1.06,ml
1805,2.839,0.04036,0.03,247.0,0.6,mh
1806,4.864,0.04038,0.14,68.0,1.66,ml
1807,4.039,0.1393,0.08,130.0,0.6,mh
1808,11.147,0.2135,0.29,49.0,3.01,ml
1809,16.519,0.2395,0.12,143.0,1.25,ml
1810,0.827,0.02599,0.11,147.0,0.65,ml
1811,13.148,0.03987,0.18,28.0,1.59,ml
1812,12.435,0.04246,0.16,125.0,0.85,ml
1813,9.58,0.05207,0.11,99.0,0.44,ml
1814,9.13,0.07016,0.13,99.0,0.86,ml
1815,9.547,0.1051,0.16,111.0,1.14,ml
1816,-0.844,0.1479,0.15,61.0,1.57,ml
1817,6.109,0.1197,0.18,165.0,1.02,ml
1818,-0.14,0.08317,0.13,81.0,-0.1,ml
1819,8.708,0.0818,0.14,168.0,0.49,ml
1820,8.995,0.06259,0.1,88.0,0.33,ml
1821,10.281,0.05951,0.11,77.0,0.39,ml
1822,8.079,0.06199,0.13,114.0,1.1,ml
1823,12.456,0.06209,0.16,151.0,0.61,ml
1824,5.596,0.06222,0.16,59.0,1.01,ml
1825,8.507,0.06096,0.19,213.0,1.97,ml
1826,8.369,0.04138,0.18,54.0,1.19,ml
1827,18.017,0.0465,0.14,39.0,1.25,ml
1828,12.431,0.0918,0.17,117.0,1.18,ml
1829,12.948,0.006073,0.15,124.0,0.37,ml
1830,13.058,0.04055,0.15,127.0,0.22,ml
1831,12.827,0.1184,0.18,149.0,0.34,ml
1832,12.738,0.07147,0.17,127.0,0.6,ml
1833,13.198,0.08598,0.18,125.0,0.45,ml
1834,9.147,0.09878,0.13,99.0,0.32,ml
1835,13.293,0.01125,0.11,73.0,0.24,ml
1836,11.53,0.1004,0.17,204.0,0.68,ml
1837,9.378,0.04375,0.15,52.0,1.88,ml
1838,9.117,0.009932,0.13,99.0,0.94,ml
1839,12.215,0.04347,0.13,287.0,0.77,ml
1840,11.092,0.04424,0.13,48.0,1.98,ml
1841,7.34,0.04343,0.18,83.0,1.15,ml
1842,1.622,0.05919,0.11,71.0,1.12,ml
1843,3.153,0.02634,0.15,89.0,0.5,mh
1844,3.914,0.06633,0.21,63.0,1.32,ml
1845,9.528,0.02833,0.09,137.0,0.44,ml
1846,8.858,0.05554,0.1,71.0,1.36,ml
1847,10.338,0.006211,0.13,123.0,0.77,ml
1848,9.878,0.1545,0.09,135.0,0.44,ml
1849,9.718,0.01311,0.08,137.0,0.59,ml
1850,15.851,0.01242,0.06,142.0,0.31,ml
1851,0.073,0.03854,0.21,282.0,0.2,mh
1852,3.207,0.1859,0.11,193.0,0.3,mh
1853,4.523,0.2112,0.17,294.0,0.5,mh
1854,5.635,0.06376,0.04,241.0,0.28,ml
1855,6.443,0.0214,0.37,198.0,0.4,mh
1856,7.951,0.003839,0.15,252.0,0.68,ml
1857,8.106,0.03846,0.3,148.0,1.85,ml
1858,-1.088,0.04994,0.11,137.0,0.49,ml
1859,8.618,0.06935,0.09,87.0,0.46,ml
1860,4.054,0.05974,0.11,56.0,1.32,ml
1861,-1.01,0.06177,0.08,89.0,1.01,ml
1862,3.115,0.2149,0.12,74.0,0.87,ml
1863,9.648,0.04228,0.06,105.0,0.0,ml
1864,1.052,0.05891,0.06,85.0,-0.16,ml
1865,9.185,0.04111,0.11,97.0,0.44,ml
1866,4.007,0.06002,0.16,54.0,1.25,ml
1867,17.445,0.02588,0.18,32.0,1.83,ml
1868,14.49,0.01785,0.11,96.0,0.86,ml
1869,14.898,0.07193,0.13,97.0,0.87,ml
1870,1.38,0.07072,0.13,46.0,1.63,ml
1871,9.088,0.007754,0.09,99.0,0.9,mh
1872,14.45,0.07096,0.12,103.0,0.22,ml
1873,9.368,0.06292,0.13,99.0,0.22,ml
1874,13.058,0.07345,0.15,98.0,0.7,ml
1875,14.303,0.07054,0.15,53.0,1.17,ml
1876,3.622,0.2093,0.08,193.0,0.09,ml
1877,10.592,0.1112,0.15,103.0,1.17,ml
1878,12.99,0.01342,0.07,226.0,0.51,ml
1879,1.392,0.03732,0.05,99.0,-0.11,ml
1880,8.402,0.1112,0.17,102.0,0.84,ml
1881,11.152,0.1544,0.45,104.0,1.09,ml
1882,10.892,0.02031,0.16,48.0,1.6,mh
1883,10.792,0.04094,0.16,53.0,1.47,ml
1884,3.34,0.05386,0.14,87.0,1.17,ml
1885,6.804,0.01766,0.06,103.0,0.87,ml
1886,9.128,0.366,0.03,162.0,0.67,ml
1887,9.265,0.05263,0.14,156.0,0.52,ml
1888,3.334,0.08632,0.16,63.0,1.41,ml
1889,2.739,0.05102,0.12,75.0,0.91,ml
1890,8.723,0.06729,0.03,178.0,0.57,ml
1891,1.765,0.04045,0.11,66.0,1.18,ml
1892,14.528,0.01072,0.11,69.0,0.96,ml
1893,3.345,0.02963,0.04,186.0,-0.11,ml
1894,0.0,0.04316,0.0811,289.92,0.6,ml
1895,13.979,0.08495,0.04,82.0,-0.02,ml
1896,16.247,0.03305,0.15,95.0,1.08,ml
1897,13.725,0.08697,0.04,74.0,0.61,ml
1898,11.008,0.01558,0.09,51.0,1.29,ml
1899,8.148,0.07285,0.09,92.0,0.47,ml
1900,0.383,0.01997,0.06,97.0,0.3,mh
1901,17.148,0.01843,0.04,165.0,0.53,ml
1902,9.618,0.01367,0.08,137.0,0.45,ml
1903,5.301,0.04233,0.11,112.0,1.0,ml
1904,-0.385,0.06826,0.11,114.0,0.08,ml
1905,6.573,0.01193,0.12,113.0,0.97,ml
1906,9.378,0.06762,0.1,158.0,1.02,ml
1907,11.735,0.0662,0.08,144.0,0.45,ml
1908,2.507,0.03395,0.07,126.0,0.13,ml
1909,9.188,0.01132,0.09,92.0,1.26,ml
1910,9.198,0.004508,0.08,160.0,0.68,ml
1911,16.908,0.04346,0.12,37.0,1.44,ml
1912,14.519,0.01619,0.02,104.0,0.35,ml
1913,7.578,0.03548,0.17,70.0,1.1,ml
1914,11.371,0.01742,0.02,126.0,-0.05,ml
1915,12.404,0.06332,0.07,54.0,0.93,ml
1916,6.369,0.04028,0.13,69.0,1.22,ml
1917,9.178,0.05178,0.09,71.0,0.96,ml
1918,9.438,0.01523,0.14,46.0,3.02,ml
1919,8.794,0.06444,0.12,139.0,0.4,ml
1920,2.767,0.01051,0.06,154.0,-0.07,ml
1921,4.907,0.008274,0.08,183.0,0.38,ml
1922,4.032,0.0528,0.06,196.0,0.75,ml
1923,1.502,0.1207,0.11,91.0,0.16,ml
1924,10.294,0.05093,0.05,80.0,0.26,ml
1925,13.345,0.06574,0.07,61.0,0.72,ml
1926,2.402,0.0779,0.09,114.0,1.36,ml
1927,13.437,0.1042,0.1,45.0,1.11,ml
1928,19.052,0.08167,0.11,175.0,0.49,ml
1929,9.433,0.07583,0.05,126.0,0.39,ml
1930,16.673,0.02997,0.05,87.0,0.47,ml
1931,15.424,0.1264,0.15,57.0,0.72,ml
1932,8.821,0.06679,0.1,64.0,0.79,ml
1933,12.588,0.06811,0.18,55.0,1.36,ml
1934,18.445,0.05343,0.09,64.0,0.89,ml
1935,2.42,0.09706,0.17,118.0,1.25,ml
1936,15.451,0.1213,0.07,161.0,0.64,ml
1937,15.931,0.1128,0.15,43.0,1.23,ml
