,Depth,Distance to Epicenter,Root Mean Square,Azimuthal Gap,Magnitude,Waveform
0,11.049,0.0973,0.06,155,1.71,md
1,1.039,0.03514,0.14,73,1.22,md
2,9.226,0.007207,0.03,200,1.66,md
3,1.007,0.03153,0.07,83,1.23,md
4,13.169,0.007207,0.08,20,1.88,md
5,10.496,0.03423,0.21,79,1.13,md
6,4.207,0.03243,0.07,50,1.13,md
7,5.418,0.02613,0.1,29,2.1,md
8,9.724,0.01802,0.05,68,1.16,md
9,6.636,0.03153,0.13,60,1.38,md
10,15.118,0.04054,0.06,187,1.36,md
11,10.586,0.04775,0.1,79,1.45,md
12,5.442,0.001802,0.06,69,0.98,md
13,4.7,0.001802,0.05,60,0.97,md
14,9.649,0.03333,0.06,69,1.19,md
15,4.932,0.0009009,0.06,74,0.62,md
16,4.642,0.0009009,0.06,77,0.82,md
17,10.156,0.01982,0.03,168,0.26,md
18,7.548,0.01892,0.07,108,0.66,md
19,7.771,0.02252,0.05,118,0.51,md
20,7.56,0.009009,0.06,108,0.64,md
21,3.983,0.03423,0.06,118,0.24,md
22,0.159,0.08018,0.07,124,1.08,md
23,8.307,0.06486,0.06,96,0.9,md
24,8.447,0.06216,0.06,96,1.2,md
25,7.308,0.03514,0.06,89,1.15,md
26,5.295,0.03604,0.09,141,0.96,md
27,7.758,0.02252,0.12,82,1.0,md
28,4.638,0.05135,0.06,56,1.3,md
29,8.957,0.02703,0.03,193,2.6,mh
30,8.352,0.04685,0.09,81,1.12,md
31,7.413,0.02703,0.11,81,1.93,md
32,7.857,0.02342,0.08,50,1.27,md
33,8.291,0.02793,0.06,69,1.17,md
34,7.636,0.02252,0.08,63,1.09,md
35,7.821,0.04595,0.05,85,1.27,md
36,10.001,0.05856,0.05,144,1.33,md
37,8.04,0.01532,0.05,53,1.11,md
38,9.61,0.006306,0.22,35,2.85,md
39,3.76,0.01712,0.02,148,0.36,md
40,9.018,0.03514,0.1,113,0.36,md
