,Depth,Distance to Epicenter,Root Mean Square,Azimuthal Gap,Magnitude,Waveform
0,6.562,0.02162,0.06,81,0.67,md
1,9.205,0.05856,0.05,94,1.94,md
2,1.039,0.03514,0.14,73,1.22,md
3,4.819,0.02342,0.06,104,1.06,md
4,5.029,0.02342,0.06,108,1.1,md
5,9.226,0.007207,0.03,200,1.66,md
6,1.007,0.03153,0.07,83,1.23,md
7,11.421,0.08018,0.04,161,0.95,md
8,8.304,0.009009,0.05,78,0.96,md
9,13.169,0.007207,0.08,20,1.88,md
10,12.242,0.05946,0.08,165,1.39,md
11,12.789,0.07568,0.04,180,1.16,md
12,10.812,0.03604,0.04,155,1.22,md
13,10.496,0.03423,0.21,79,1.13,md
14,4.207,0.03243,0.07,50,1.13,md
15,9.521,0.001802,0.06,45,1.41,md
16,4.341,0.03784,0.05,61,0.75,md
17,5.418,0.02613,0.1,29,2.1,md
18,9.724,0.01802,0.05,68,1.16,md
19,12.288,0.03153,0.17,72,2.26,md
20,6.636,0.03153,0.13,60,1.38,md
21,16.627,0.03964,0.18,66,2.0,md
22,2.741,0.01532,0.02,220,0.72,md
23,5.916,0.01081,0.03,98,0.68,md
24,5.88,0.00991,0.06,59,0.69,md
25,5.628,0.006306,0.08,22,2.0,md
26,1.851,0.04685,0.04,294,0.22,md
27,5.248,0.02973,0.04,90,0.61,md
28,15.806,0.05225,0.14,54,2.26,md
29,16.084,0.1072,0.11,54,2.02,md
30,14.486,0.07658,0.1,167,1.27,md
31,8.438,0.03514,0.06,122,0.89,md
32,-0.027,0.02342,0.19,78,1.82,md
33,10.21,0.03964,0.06,77,1.39,md
34,5.442,0.001802,0.06,69,0.98,md
35,4.7,0.001802,0.05,60,0.97,md
36,10.736,0.04144,0.05,67,1.02,md
37,9.649,0.03333,0.06,69,1.19,md
38,9.526,0.03423,0.05,53,0.8,md
39,9.38,0.07838,0.04,87,1.31,md
40,4.932,0.0009009,0.06,74,0.62,md
41,4.642,0.0009009,0.06,77,0.82,md
42,10.156,0.01982,0.03,168,0.26,md
43,9.67,0.07748,0.04,77,1.48,md
44,7.936,0.00991,0.08,60,0.68,md
45,8.707,0.05225,0.06,142,1.18,md
46,8.384,0.01081,0.04,100,1.27,md
47,9.94,0.07838,0.06,65,1.05,md
48,8.979,0.1027,0.04,98,0.87,md
49,9.388,0.08649,0.01,157,0.7,md
50,9.28,0.07928,0.03,99,0.71,md
51,7.548,0.01892,0.07,108,0.66,md
52,9.62,0.08198,0.06,83,0.85,md
53,10.118,0.07748,0.05,99,0.78,md
54,7.771,0.02252,0.05,118,0.51,md
55,9.6,0.07748,0.05,99,0.83,md
56,9.776,0.005405,0.08,54,2.03,md
57,9.88,0.07748,0.06,82,0.9,md
58,7.372,0.04865,0.04,156,1.36,md
59,7.56,0.009009,0.06,108,0.64,md
60,3.983,0.03423,0.06,118,0.24,md
61,6.853,0.02072,0.01,167,0.64,md
62,7.628,0.007207,0.07,49,1.35,md
63,0.159,0.08018,0.07,124,1.08,md
64,8.337,0.06577,0.06,97,0.91,md
65,9.044,0.02883,0.11,30,2.08,md
66,8.307,0.06486,0.06,96,0.9,md
67,8.357,0.06847,0.08,99,1.39,md
68,8.734,0.02973,0.11,31,2.1,md
69,8.377,0.06486,0.1,98,1.71,md
70,8.447,0.06216,0.06,96,1.2,md
71,7.308,0.03514,0.06,89,1.15,md
72,7.995,0.04234,0.09,151,0.74,md
73,6.915,0.01081,0.08,110,0.43,md
74,7.493,0.01171,0.1,136,0.89,md
75,5.6,0.04324,0.09,85,0.6,md
76,6.11,0.05135,0.07,89,0.9,md
77,8.149,0.05856,0.06,111,1.29,md
78,8.775,0.03243,0.2,58,2.26,md
79,6.133,0.02613,0.09,108,1.05,md
80,5.295,0.03604,0.09,141,0.96,md
81,12.138,0.04144,0.09,154,0.9,md
82,5.021,0.02793,0.04,56,0.97,md
83,8.157,0.01712,0.18,28,2.76,md
84,16.367,0.03243,0.08,97,1.79,md
85,14.434,0.02162,0.13,77,1.94,md
86,4.638,0.05135,0.06,56,1.3,md
87,8.957,0.02703,0.03,193,2.6,mh
88,7.857,0.02342,0.08,50,1.27,md
89,8.218,0.02523,0.04,74,0.84,md
90,5.513,0.00991,0.12,84,0.9,md
91,7.395,0.05946,0.05,93,1.88,md
92,8.291,0.02793,0.06,69,1.17,md
93,7.636,0.02252,0.08,63,1.09,md
94,7.821,0.04595,0.05,85,1.27,md
95,7.028,0.03604,0.05,195,0.62,md
96,11.056,0.07838,0.1,78,1.82,md
97,8.925,0.05135,0.06,68,1.19,md
98,-0.268,0.02342,0.11,55,1.39,md
99,10.001,0.05856,0.05,144,1.33,md
100,6.855,0.02252,0.18,27,1.99,md
101,8.04,0.01532,0.05,53,1.11,md
102,9.61,0.006306,0.22,35,2.85,md
103,9.115,0.09099,0.04,103,1.3,md
104,10.036,0.06757,0.08,100,1.26,md
105,3.76,0.01712,0.02,148,0.36,md
106,8.194,0.08018,0.09,82,0.73,md
