,Depth,Distance to Epicenter,Root Mean Square,Azimuthal Gap,Magnitude,Waveform
0,3.307,0.04505,0.07,56,1.06,md
1,4.571,0.03423,0.11,56,0.69,md
2,9.022,0.03243,0.07,72,1.23,md
3,8.242,0.03874,0.05,80,0.82,md
4,9.692,0.09279,0.06,135,1.56,md
5,5.574,0.04414,0.04,79,0.66,md
6,6.421,0.03604,0.08,82,1.81,md
7,6.961,0.05586,0.06,98,0.7,md
8,10.43,0.04505,0.07,166,1.26,md
9,6.069,0.008108,0.14,130,0.8,md
10,8.249,0.008108,0.04,125,0.69,md
11,6.862,0.04775,0.09,66,0.82,md
12,9.279,0.03874,0.06,113,0.85,md
13,2.559,0.01802,0.07,96,1.76,md
14,7.475,0.03784,0.05,80,0.5,md
15,10.784,0.01802,0.06,65,0.34,md
16,11.503,0.005405,0.07,35,1.79,md
17,7.255,0.03243,0.05,219,0.73,md
18,6.615,0.01982,0.08,76,0.74,md
19,3.134,0.01712,0.04,72,0.73,md
20,4.694,0.02613,0.09,71,0.45,md
21,7.429,0.01351,0.09,28,1.9,md
22,7.319,0.01441,0.13,30,2.62,md
23,4.554,0.06847,0.07,134,1.25,md
24,6.409,0.03423,0.06,195,0.99,md
25,11.119,0.02162,0.05,69,0.33,md
26,11.104,0.02883,0.08,63,0.37,md
27,6.666,0.01261,0.2,73,0.57,md
28,8.157,0.02703,0.06,133,0.69,md
29,4.0,0.01081,0.04,50,1.47,md
30,3.89,0.01351,0.08,48,0.88,md
31,7.556,0.04144,0.07,29,1.93,md
32,6.134,0.02703,0.08,76,0.68,md
33,4.04,0.008108,0.05,38,1.86,md
34,4.05,0.009009,0.05,51,1.84,md
35,6.37,0.07207,0.09,58,0.68,md
36,4.956,0.03423,0.08,95,1.57,md
37,4.647,0.08559,0.08,39,0.9,md
38,8.832,0.05766,0.21,45,0.67,md
39,6.394,0.04595,0.07,162,1.28,md
40,2.12,0.04955,0.09,72,0.83,md
41,5.376,0.004505,0.06,79,0.49,md
42,7.72,0.00991,0.06,120,0.86,md
43,6.358,0.04505,0.21,51,1.91,md
44,2.196,0.01622,0.06,123,0.81,md
45,7.282,0.005405,0.09,137,1.05,md
46,5.943,0.01802,0.11,175,0.83,md
47,7.757,0.01712,0.17,178,0.68,md
48,0.508,0.04234,0.1,176,0.89,md
49,5.923,0.02342,0.08,179,0.66,md
50,5.143,0.02252,0.12,129,0.87,md
51,6.673,0.04144,0.19,34,2.01,md
52,8.197,0.005405,0.15,150,0.55,md
53,11.453,0.005405,0.07,35,2.15,md
54,5.421,0.02703,0.05,65,0.73,md
55,5.196,0.01261,0.07,70,1.17,md
56,8.218,0.02432,0.07,119,0.99,md
57,2.494,0.01802,0.06,153,0.92,md
58,5.264,0.005405,0.1,49,2.23,md
59,5.6,0.04595,0.07,74,0.92,md
60,5.146,0.01712,0.26,57,1.15,md
61,4.722,0.06396,0.1,44,0.87,md
62,7.912,0.05315,0.08,77,0.69,md
63,5.136,0.01982,0.2,56,0.69,md
64,5.156,0.01081,0.1,56,0.74,md
65,6.02,0.03243,0.08,88,1.78,md
66,6.067,0.01441,0.06,120,0.96,md
67,3.12,0.01802,0.06,91,0.68,md
68,6.448,0.006306,0.09,91,0.91,md
69,8.3,0.02523,0.02,66,0.87,md
70,7.85,0.07748,0.07,43,2.16,md
71,4.458,0.02342,0.05,27,2.0,md
72,7.565,0.02072,0.07,74,1.07,md
73,5.44,0.007207,0.08,99,1.03,md
74,2.939,0.004505,0.05,44,1.13,md
75,3.796,0.01351,0.11,60,0.43,md
76,6.086,0.01982,0.06,117,0.42,md
77,7.06,0.06216,0.06,129,1.54,md
78,11.844,0.005405,0.06,116,0.88,md
79,8.338,0.08649,0.07,228,0.78,md
80,11.478,0.003604,0.07,124,0.96,md
81,2.916,0.06486,0.04,101,1.21,md
82,3.081,0.05586,0.05,256,0.66,md
83,6.1,0.02523,0.02,136,0.75,md
84,5.374,0.02793,0.06,63,1.71,md
85,6.164,0.03063,0.04,89,0.43,md
86,8.488,0.06937,0.08,83,0.68,md
87,10.803,0.003604,0.08,35,2.23,md
88,6.876,0.04324,0.07,71,2.1,md
89,2.688,0.02973,0.03,60,0.57,md
90,11.085,0.002703,0.07,161,0.57,md
91,3.98,0.02342,0.06,66,0.5,md
92,3.9,0.01982,0.04,67,1.6,md
93,3.55,0.1144,0.11,72,0.81,md
94,8.156,0.04324,0.08,30,2.96,ml
95,8.12,0.03063,0.07,79,0.7,md
96,1.292,0.03243,0.22,71,1.53,md
97,7.59,0.03514,0.04,56,1.45,md
98,11.779,0.01892,0.15,60,1.06,md
99,8.47,0.02973,0.16,70,1.05,md
100,-0.364,0.02523,0.02,123,0.91,md
101,5.11,0.05405,0.07,69,1.15,md
102,3.682,0.01351,0.09,59,0.7,md
103,2.549,0.003604,0.07,42,1.71,md
104,2.128,0.03243,0.07,75,0.46,md
105,6.647,0.01081,0.14,152,0.83,md
106,3.642,0.01802,0.09,34,1.57,md
107,3.42,0.01081,0.04,74,1.01,md
108,6.054,0.02613,0.08,135,0.44,md
109,4.886,0.02613,0.24,61,0.64,md
110,8.729,0.02973,0.09,85,0.42,md
111,8.452,0.04144,0.04,76,0.61,md
112,2.322,0.05225,0.09,79,1.21,md
113,7.89,0.04865,0.04,85,1.75,md
114,8.098,0.08288,0.05,136,1.58,md
115,4.22,0.03874,0.08,81,2.04,md
116,12.094,0.02162,0.12,60,0.85,md
117,11.324,0.01892,0.06,67,0.41,md
118,12.634,0.02432,0.11,71,0.41,md
119,3.379,0.004505,0.04,53,0.72,md
120,3.359,0.001802,0.06,38,1.98,md
121,4.22,0.01261,0.08,47,1.1,md
122,5.572,0.04144,0.05,48,2.11,md
123,3.6,0.07748,0.07,55,0.95,md
124,1.95,0.02432,0.05,104,1.49,md
125,6.146,0.02162,0.03,186,1.25,md
126,9.003,0.02342,0.1,72,0.63,md
127,7.645,0.02973,0.08,126,0.78,md
128,4.866,0.05766,0.07,51,0.83,md
129,6.488,0.02162,0.08,79,1.92,md
130,5.132,0.03243,0.08,202,0.48,md
131,5.052,0.07748,0.05,49,0.96,md
132,5.12,0.1009,0.06,89,1.41,md
133,2.639,0.007207,0.06,47,2.08,md
134,10.487,0.1207,0.08,120,1.39,md
135,5.138,0.04234,0.06,96,1.26,md
136,10.096,0.06937,0.09,57,0.99,md
137,3.848,0.01622,0.06,149,0.39,md
138,6.045,0.01532,0.05,185,1.15,md
139,4.48,0.02703,0.06,64,1.13,md
140,3.968,0.04144,0.09,101,1.1,md
141,6.118,0.02793,0.05,164,0.93,md
142,11.343,0.005405,0.07,89,1.2,md
143,11.348,0.005405,0.07,45,1.09,md
144,3.47,0.09369,0.1,49,1.04,md
145,4.101,0.02793,0.09,27,2.31,md
146,4.678,0.01982,0.08,129,0.55,md
147,8.526,0.04775,0.17,65,0.91,md
148,5.14,0.03333,0.07,71,0.63,md
149,11.468,0.005405,0.07,110,0.8,md
150,11.328,0.005405,0.06,35,1.77,md
151,6.136,0.06396,0.11,54,0.93,md
152,3.444,0.01892,0.07,72,0.77,md
153,4.86,0.03243,0.08,71,0.65,md
154,6.038,0.03964,0.06,135,1.82,md
155,5.288,0.03874,0.04,141,1.0,md
156,9.51,0.02252,0.08,71,0.65,md
157,11.758,0.004505,0.06,62,1.27,md
158,5.776,0.03063,0.21,40,1.12,md
159,11.021,0.06126,0.05,71,1.01,md
160,11.011,0.05766,0.05,92,0.72,md
161,11.071,0.06036,0.06,143,0.78,md
162,5.152,0.03153,0.06,95,1.69,md
163,6.308,0.03964,0.06,82,1.08,md
164,7.086,0.006306,0.14,105,1.01,md
165,4.434,0.02973,0.05,155,1.0,md
166,5.3,0.01351,0.05,50,1.26,md
167,7.306,0.006306,0.13,107,1.26,md
168,5.14,0.01441,0.07,72,1.06,md
169,3.913,0.03604,0.08,29,2.71,md
170,4.033,0.03694,0.08,42,1.27,md
171,5.452,0.03423,0.13,105,1.18,md
172,7.132,0.009009,0.09,75,1.02,md
173,4.762,0.02883,0.12,34,3.06,ml
174,3.693,0.03514,0.1,35,1.49,md
175,3.463,0.03784,0.08,40,0.96,md
176,3.933,0.03694,0.08,37,1.82,md
177,3.888,0.04414,0.08,56,0.91,md
178,2.708,0.04775,0.04,80,0.54,md
179,4.928,0.03964,0.06,61,0.91,md
180,3.773,0.04505,0.1,56,3.06,ml
181,3.758,0.04414,0.08,57,2.42,md
182,7.242,0.07928,0.07,59,0.77,md
183,7.92,0.01081,0.05,79,0.66,md
184,4.812,0.04955,0.03,181,1.26,md
185,7.01,0.03333,0.04,101,1.2,md
186,7.162,0.006306,0.13,48,0.95,md
187,7.667,0.003604,0.14,109,1.68,md
188,5.629,0.01171,0.05,104,0.78,md
189,8.556,0.03784,0.07,70,0.8,md
190,5.103,0.01622,0.04,166,1.19,md
191,3.272,0.04955,0.07,82,0.79,md
192,1.052,0.05676,0.08,79,0.73,md
193,10.56,0.02432,0.16,105,0.59,md
194,8.564,0.01351,0.21,30,3.01,ml
195,6.684,0.03784,0.06,71,0.83,md
196,5.034,0.02973,0.06,59,1.68,md
197,7.237,0.00991,0.14,111,1.01,md
198,9.376,0.04324,0.15,68,1.59,md
199,3.901,0.03874,0.06,91,1.17,md
200,7.659,0.008108,0.07,92,0.83,md
201,6.508,0.01712,0.12,28,1.91,md
202,9.59,0.03874,0.06,64,0.88,md
203,5.505,0.03153,0.08,42,0.93,md
204,6.729,0.04505,0.06,95,1.16,md
205,6.499,0.04054,0.05,92,1.76,md
206,1.811,0.05315,0.08,77,1.18,md
207,7.484,0.05856,0.06,179,0.97,md
208,3.953,0.02162,0.07,92,0.59,md
209,7.211,0.06036,0.06,73,0.66,md
210,7.527,0.003604,0.15,108,1.05,md
211,4.707,0.03063,0.03,150,-0.1,md
212,7.527,0.02523,0.09,61,0.43,md
213,3.833,0.03874,0.09,28,1.9,md
214,7.407,0.005405,0.09,110,1.12,md
215,7.089,0.01261,0.12,47,1.09,md
216,7.14,0.04324,0.05,133,1.65,md
217,7.457,0.004505,0.08,109,0.64,md
218,7.262,0.00991,0.12,87,1.32,md
219,7.638,0.05405,0.06,125,0.6,md
220,2.51,0.08108,0.07,45,1.84,md
221,6.305,0.01892,0.23,41,1.06,md
222,4.83,0.04324,0.04,40,1.81,md
223,7.682,0.006306,0.14,104,0.89,md
224,6.912,0.004505,0.16,108,1.04,md
225,7.552,0.005405,0.14,143,1.07,md
226,8.262,0.005405,0.15,55,2.24,md
227,7.382,0.009009,0.07,109,0.7,md
228,7.332,0.006306,0.13,109,1.15,md
229,6.972,0.009009,0.06,106,0.68,md
230,7.932,0.006306,0.12,54,2.44,md
231,7.052,0.006306,0.09,146,1.72,md
232,7.622,0.007207,0.14,130,3.03,ml
233,6.188,0.03514,0.06,108,0.69,md
234,10.326,0.04414,0.12,41,2.19,md
235,9.973,0.02162,0.09,21,3.2,ml
236,3.163,0.03514,0.09,40,0.72,md
237,8.71,0.06126,0.07,58,1.71,md
238,5.22,0.02703,0.07,102,0.6,md
239,7.102,0.08108,0.05,37,1.48,md
240,1.302,0.06937,0.07,35,1.47,md
241,6.279,0.03784,0.07,51,0.93,md
242,8.067,0.01081,0.09,152,0.3,md
243,8.068,0.07838,0.09,52,1.4,md
244,1.85,0.03604,0.1,41,0.82,md
245,2.789,0.002703,0.06,43,1.34,md
246,2.16,0.01441,0.07,95,1.94,md
247,5.983,0.04685,0.05,127,0.81,md
248,2.22,0.01622,0.07,96,1.75,md
249,8.906,0.07568,0.07,54,1.22,md
250,6.99,0.03243,0.07,118,0.83,md
251,6.2,0.03063,0.05,167,0.88,md
252,9.206,0.04234,0.16,67,1.3,md
253,3.768,0.04595,0.07,57,0.69,md
254,3.864,0.01261,0.1,44,2.36,md
255,6.922,0.02793,0.12,82,1.48,md
256,10.062,0.04414,0.02,76,0.83,md
257,8.022,0.04595,0.06,73,0.88,md
258,9.526,0.04595,0.13,26,2.6,md
259,8.336,0.03964,0.08,65,0.96,md
260,8.566,0.04685,0.11,71,1.1,md
261,9.206,0.04505,0.09,60,1.03,md
262,3.135,0.06757,0.05,67,0.51,md
263,9.026,0.04685,0.14,60,1.37,md
264,8.516,0.04595,0.1,69,0.7,md
265,9.116,0.04595,0.14,63,1.65,md
266,9.376,0.04595,0.11,65,1.66,md
267,9.626,0.04595,0.13,64,1.72,md
268,7.806,0.04685,0.13,66,0.95,md
269,7.816,0.04595,0.14,61,1.05,md
270,8.656,0.04775,0.15,58,1.08,md
271,8.676,0.04685,0.12,59,1.04,md
272,8.256,0.04865,0.11,59,1.16,md
273,10.626,0.04234,0.19,43,2.92,ml
274,7.866,0.04865,0.11,63,0.93,md
275,8.986,0.04505,0.1,70,0.73,md
276,9.596,0.04775,0.13,71,0.77,md
277,9.006,0.04775,0.1,69,0.81,md
278,8.688,0.03514,0.07,108,0.31,md
279,2.879,0.01351,0.05,98,0.48,md
280,9.196,0.04505,0.15,62,1.2,md
281,7.686,0.04505,0.16,74,1.26,md
282,10.056,0.04505,0.15,66,1.71,md
283,2.829,0.01261,0.05,57,0.83,md
284,8.946,0.04595,0.12,62,1.54,md
285,10.276,0.04505,0.18,30,2.95,ml
286,7.698,0.01712,0.26,53,0.46,md
287,8.15,0.07568,0.08,44,0.98,md
288,9.416,0.04324,0.09,74,0.77,md
289,8.536,0.04685,0.18,63,1.03,md
290,9.546,0.04414,0.14,53,2.0,md
291,0.44,0.05495,0.09,75,0.65,md
292,0.396,0.05676,0.14,68,0.82,md
293,6.096,0.05856,0.07,38,0.93,md
294,5.615,0.06757,0.09,92,0.11,md
295,5.456,0.05946,0.09,64,1.12,md
296,7.566,0.05586,0.06,69,1.04,md
297,8.66,0.06306,0.07,60,0.99,md
298,5.28,0.08288,0.06,31,1.77,md
299,5.386,0.06306,0.08,45,0.88,md
300,6.356,0.05946,0.08,63,0.64,md
301,7.567,0.05495,0.07,36,1.79,md
302,2.295,0.06486,0.08,90,0.11,md
303,5.558,0.03243,0.08,58,0.84,md
304,6.17,0.08468,0.06,42,2.34,md
305,6.2,0.02342,0.08,72,1.14,md
306,4.84,0.03784,0.05,40,2.14,md
307,7.101,0.04955,0.06,116,0.63,md
308,8.33,0.07658,0.08,46,1.21,md
309,2.999,0.008108,0.03,77,0.21,md
310,6.022,0.1216,0.06,128,1.34,md
311,9.856,0.04234,0.14,78,0.82,md
312,9.656,0.04775,0.13,62,1.38,md
313,4.539,0.01351,0.08,67,0.43,md
314,3.76,0.08559,0.07,41,0.9,md
315,6.092,0.03514,0.06,94,0.62,md
316,5.323,0.03784,0.1,71,0.68,md
317,3.223,0.04955,0.1,51,1.53,md
318,3.953,0.03514,0.07,44,1.65,md
319,8.232,0.04595,0.07,80,1.71,md
320,6.032,0.07207,0.03,161,0.38,md
321,14.642,0.1342,0.05,191,1.4,md
322,4.276,0.04955,0.24,46,0.68,md
323,3.21,0.02252,0.07,67,0.62,md
324,8.432,0.03604,0.05,131,0.89,md
325,8.272,0.03514,0.08,61,2.29,md
326,8.546,0.05586,0.09,61,0.66,md
327,5.003,0.03423,0.08,35,1.03,md
328,1.232,0.07027,0.12,190,0.76,md
