,Depth,Distance to Epicenter,Root Mean Square,Azimuthal Gap,Magnitude,Waveform
0,4.646,0.1018,0.09,61,0.9,md
1,5.525,0.09009,0.04,54,1.67,md
2,6.639,0.03874,0.05,86,0.83,md
3,6.593,0.03874,0.06,65,1.02,md
4,4.919,0.04595,0.06,54,1.06,md
5,3.715,0.1054,0.09,149,0.91,md
6,4.765,0.07568,0.08,38,1.71,md
7,4.313,0.07297,0.09,133,0.77,md
8,3.893,0.07477,0.09,148,0.58,md
9,7.409,0.01802,0.08,52,1.44,md
10,7.107,0.02523,0.13,55,1.24,md
11,4.852,0.09009,0.11,71,1.22,md
12,8.895,0.03604,0.15,142,0.81,md
13,1.486,0.03243,0.08,40,1.51,md
14,3.779,0.03964,0.08,98,0.89,md
15,1.446,0.1162,0.08,32,1.26,md
16,6.405,0.04595,0.08,38,1.0,md
17,-0.243,0.01532,0.11,115,0.69,md
18,7.463,0.03964,0.08,43,2.27,md
19,8.192,0.01441,0.1,51,0.67,md
20,2.296,0.1144,0.11,60,1.08,md
21,6.263,0.05135,0.08,112,0.74,md
22,5.769,0.07027,0.07,46,1.28,md
23,5.774,0.03604,0.14,61,0.69,md
24,7.136,0.1279,0.08,66,0.95,md
25,3.493,0.04865,0.06,62,1.1,md
26,10.163,0.04595,0.06,253,0.34,md
27,6.821,0.06216,0.06,94,1.15,md
28,3.299,0.05045,0.09,35,1.43,md
29,4.497,0.06486,0.06,45,1.21,md
30,4.259,0.03964,0.07,244,0.75,md
31,10.47,0.03964,0.04,217,1.03,md
