,Depth,Distance to Epicenter,Root Mean Square,Azimuthal Gap,Magnitude,Waveform
0,11.049,0.0973,0.06,155,1.71,md
1,1.039,0.03514,0.14,73,1.22,md
2,4.819,0.02342,0.06,104,1.06,md
3,5.029,0.02342,0.06,108,1.1,md
4,9.226,0.007207,0.03,200,1.66,md
5,1.007,0.03153,0.07,83,1.23,md
6,6.751,0.04324,0.06,60,0.99,md
7,7.045,0.04054,0.04,40,1.71,md
8,3.279,0.005405,0.05,114,0.32,md
9,8.575,0.05766,0.05,117,0.8,md
10,13.169,0.007207,0.08,20,1.88,md
11,3.199,0.004505,0.03,112,0.23,md
12,6.507,0.04324,0.07,57,1.06,md
13,7.56,0.06757,0.06,64,1.95,md
14,5.798,0.08468,0.03,62,1.41,md
15,4.789,0.02613,0.07,80,1.06,md
16,8.806,0.03333,0.05,75,0.6,md
17,10.102,0.05676,0.07,79,1.58,md
18,3.541,0.03243,0.08,96,0.79,md
19,10.496,0.03423,0.21,79,1.13,md
20,5.888,0.08198,0.05,60,1.83,md
21,4.207,0.03243,0.07,50,1.13,md
22,4.419,0.05766,0.05,57,1.22,md
23,7.239,0.06036,0.09,50,0.84,md
24,5.267,0.03063,0.02,133,0.55,md
25,5.418,0.02613,0.1,29,2.1,md
26,9.724,0.01802,0.05,68,1.16,md
27,7.279,0.04505,0.15,39,2.6,md
28,3.957,0.05405,0.05,64,0.8,md
29,9.058,0.08108,0.12,143,1.93,md
30,5.48,0.05543,0.05,112,1.13,md
31,6.636,0.03153,0.13,60,1.38,md
32,16.627,0.03964,0.18,66,2.0,md
33,6.592,0.06577,0.04,100,1.46,md
34,9.745,0.05135,0.06,47,2.43,md
35,7.197,0.04414,0.03,75,1.03,md
36,7.811,0.03694,0.03,106,0.76,md
37,5.248,0.02973,0.04,90,0.61,md
38,6.838,0.04685,0.1,38,0.86,md
39,7.071,0.04595,0.08,67,0.85,md
40,4.886,0.02613,0.24,61,0.64,md
41,4.401,0.03964,0.06,147,0.33,md
42,4.648,0.05946,0.06,113,1.08,md
43,15.118,0.04054,0.06,187,1.36,md
44,10.586,0.04775,0.1,79,1.45,md
45,10.21,0.03964,0.06,77,1.39,md
46,3.903,0.06396,0.07,113,1.58,md
47,5.442,0.001802,0.06,69,0.98,md
48,4.7,0.001802,0.05,60,0.97,md
49,7.282,0.07748,0.04,104,0.71,md
50,2.591,0.03694,0.06,97,1.13,md
51,9.649,0.03333,0.06,69,1.19,md
52,3.062,0.05135,0.03,134,0.38,md
53,9.38,0.07838,0.04,87,1.31,md
54,6.149,0.02523,0.04,73,0.96,md
55,5.127,0.04955,0.04,56,1.1,md
56,10.49,0.01892,0.05,129,0.76,md
57,4.932,0.0009009,0.06,74,0.62,md
58,4.642,0.0009009,0.06,77,0.82,md
59,1.279,0.02973,0.05,84,0.93,md
60,1.467,0.03514,0.03,88,0.84,md
61,10.156,0.01982,0.03,168,0.26,md
62,6.741,0.07027,0.06,115,1.18,md
63,9.67,0.07748,0.04,77,1.48,md
64,9.94,0.07838,0.06,65,1.05,md
65,8.979,0.1027,0.04,98,0.87,md
66,9.388,0.08649,0.01,157,0.7,md
67,9.28,0.07928,0.03,99,0.71,md
68,7.548,0.01892,0.07,108,0.66,md
69,9.62,0.08198,0.06,83,0.85,md
70,10.118,0.07748,0.05,99,0.78,md
71,7.771,0.02252,0.05,118,0.51,md
72,9.6,0.07748,0.05,99,0.83,md
73,9.776,0.005405,0.08,54,2.03,md
74,9.88,0.07748,0.06,82,0.9,md
75,7.56,0.009009,0.06,108,0.64,md
76,5.776,0.03063,0.21,40,1.12,md
77,7.891,0.02613,0.05,104,0.68,md
78,0.118,0.07297,0.19,63,1.24,md
79,3.983,0.03423,0.06,118,0.24,md
80,3.888,0.04414,0.08,56,0.91,md
81,2.708,0.04775,0.04,80,0.54,md
82,4.928,0.03964,0.06,61,0.91,md
83,3.773,0.04505,0.1,56,3.06,ml
84,3.758,0.04414,0.08,57,2.42,md
85,7.661,0.02703,0.06,99,1.23,md
86,0.159,0.08018,0.07,124,1.08,md
87,8.337,0.06577,0.06,97,0.91,md
88,9.044,0.02883,0.11,30,2.08,md
89,8.307,0.06486,0.06,96,0.9,md
90,8.357,0.06847,0.08,99,1.39,md
91,8.734,0.02973,0.11,31,2.1,md
92,8.377,0.06486,0.1,98,1.71,md
93,8.447,0.06216,0.06,96,1.2,md
94,7.308,0.03514,0.06,89,1.15,md
95,5.6,0.04324,0.09,85,0.6,md
96,6.11,0.05135,0.07,89,0.9,md
97,6.305,0.01892,0.23,41,1.06,md
98,11.781,0.209,0.05,243,1.77,md
99,4.969,0.02703,0.06,100,0.43,md
100,9.074,0.08108,0.09,166,0.69,md
101,4.5,0.03063,0.05,61,0.84,md
102,2.145,0.02703,0.07,42,2.28,md
103,16.367,0.03243,0.08,97,1.79,md
104,7.511,0.02342,0.05,98,1.18,md
105,7.758,0.02252,0.12,82,1.0,md
106,3.077,0.04775,0.03,90,0.98,md
107,4.638,0.05135,0.06,56,1.3,md
108,3.653,0.05405,0.06,108,0.78,md
109,8.957,0.02703,0.03,193,2.6,mh
110,3.768,0.04595,0.07,57,0.69,md
111,8.352,0.04685,0.09,81,1.12,md
112,7.413,0.02703,0.11,81,1.93,md
113,7.857,0.02342,0.08,50,1.27,md
114,8.218,0.02523,0.04,74,0.84,md
115,10.981,0.05135,0.07,147,0.88,md
116,5.949,0.04955,0.04,139,0.84,md
117,8.291,0.02793,0.06,69,1.17,md
118,8.2,0.03153,0.06,63,0.47,md
119,7.636,0.02252,0.08,63,1.09,md
120,4.785,0.01712,0.03,149,0.81,md
121,6.809,0.04324,0.04,94,1.16,md
122,7.15,0.02523,0.03,67,1.27,md
123,-0.268,0.02342,0.11,55,1.39,md
124,7.711,0.02793,0.06,104,0.87,md
125,2.119,0.08288,0.16,142,1.14,md
126,11.315,0.05856,0.09,54,1.22,md
127,8.04,0.01532,0.05,53,1.11,md
128,9.61,0.006306,0.22,35,2.85,md
129,4.276,0.04955,0.24,46,0.68,md
130,1.112,0.1171,0.05,162,1.44,md
131,5.144,0.01712,0.07,96,1.11,md
132,3.76,0.01712,0.02,148,0.36,md
133,9.018,0.03514,0.1,113,0.36,md
