,Depth,Distance to Epicenter,Root Mean Square,Azimuthal Gap,Magnitude,Waveform
0,11.049,0.0973,0.06,155,1.71,md
1,3.279,0.005405,0.05,114,0.32,md
2,3.199,0.004505,0.03,112,0.23,md
3,10.102,0.05676,0.07,79,1.58,md
4,4.419,0.05766,0.05,57,1.22,md
5,5.267,0.03063,0.02,133,0.55,md
6,6.348,0.08018,0.08,188,1.54,md
7,4.401,0.03964,0.06,147,0.33,md
8,15.118,0.04054,0.06,187,1.36,md
9,10.586,0.04775,0.1,79,1.45,md
10,4.969,0.02703,0.06,100,0.43,md
11,9.074,0.08108,0.09,166,0.69,md
12,7.758,0.02252,0.12,82,1.0,md
13,8.352,0.04685,0.09,81,1.12,md
14,7.413,0.02703,0.11,81,1.93,md
15,10.981,0.05135,0.07,147,0.88,md
16,11.315,0.05856,0.09,54,1.22,md
17,5.144,0.01712,0.07,96,1.11,md
