,Depth,Distance to Epicenter,Root Mean Square,Azimuthal Gap,Magnitude,Waveform
0,3.718,0.07658,0.08,125,0.96,md
1,0.476,0.01261,0.05,158,0.86,md
2,2.875,0.004505,0.05,143,0.55,md
3,5.827,0.155,0.22,52,1.27,md
4,2.835,0.01802,0.07,127,0.31,md
5,2.425,0.01802,0.02,141,-0.09,md
6,4.215,0.1189,0.08,115,0.71,md
7,5.497,0.09459,0.12,303,0.99,md
8,2.715,0.02793,0.13,69,1.52,md
9,4.345,0.07838,0.09,165,0.9,md
10,4.665,0.07838,0.08,165,1.3,md
11,5.295,0.07838,0.1,165,0.86,md
12,5.955,0.06937,0.12,89,1.88,md
13,1.945,0.07477,0.1,97,1.86,md
14,3.115,0.02342,0.03,104,0.31,md
15,-1.428,0.1387,0.09,131,2.22,md
16,8.801,0.1568,0.08,84,1.14,md
17,2.406,0.06667,0.09,130,2.28,md
18,9.333,0.04775,0.04,133,1.14,md
19,3.372,0.06216,0.07,241,0.83,md
20,3.756,0.07297,0.09,168,0.84,md
21,5.24,0.06757,0.12,40,1.93,md
22,2.735,0.007207,0.04,122,-0.11,md
23,5.832,0.2,0.09,94,1.22,md
24,16.988,0.0955,0.14,49,2.45,md
25,1.488,0.02252,0.04,296,1.77,md
26,3.175,0.006306,0.05,101,1.1,md
27,3.228,0.1207,0.44,210,1.54,md
28,18.716,0.1108,0.07,113,1.46,md
29,0.876,0.1865,0.11,110,1.46,md
30,4.744,0.01532,0.06,85,0.64,md
31,15.624,0.1225,0.1,63,2.22,md
32,15.996,0.2586,0.18,267,1.94,md
33,7.798,0.1495,0.14,218,1.56,md
34,-0.749,0.07207,0.09,109,1.73,md
35,9.562,0.1829,0.04,152,1.52,md
36,8.36,0.07928,0.13,119,1.09,md
37,9.708,0.03604,0.03,168,0.84,md
38,7.928,0.2568,0.08,99,1.62,md
39,7.536,0.1505,0.06,138,1.75,md
40,5.046,0.1378,0.16,149,1.27,md
41,1.947,0.01171,0.05,140,0.53,md
42,2.695,0.004505,0.05,117,1.15,md
43,16.845,0.1739,0.06,139,1.53,md
44,1.566,0.1252,0.08,226,1.05,md
45,12.175,0.1126,0.14,90,1.52,md
46,13.826,0.2333,0.12,131,1.48,md
47,2.556,0.2414,0.08,166,1.47,md
48,-0.332,0.1279,0.04,157,0.93,md
49,1.445,0.09279,0.03,279,0.96,md
50,2.345,0.008108,0.06,115,0.24,md
51,12.186,0.127,0.05,91,1.26,md
52,0.91,0.01892,0.01,169,-0.21,md
53,10.366,0.1,0.27,74,1.48,md
54,13.261,0.09189,0.22,126,1.53,md
55,12.919,0.1676,0.14,62,1.72,md
56,11.872,0.1973,0.06,90,1.54,md
57,10.43,0.01622,0.06,72,1.56,md
58,12.15,0.04414,0.13,87,1.8,md
59,11.704,0.1279,0.06,138,1.44,md
60,12.464,0.1297,0.1,139,2.32,md
61,-1.704,0.255,0.11,134,1.75,md
62,4.292,0.1586,0.11,152,1.45,md
63,12.495,0.02703,0.18,84,0.35,md
64,16.413,0.08829,0.08,60,1.72,md
65,13.653,0.1342,0.09,49,1.55,md
66,5.971,0.1162,0.11,62,2.12,md
67,1.876,0.1117,0.23,307,0.95,md
68,1.996,0.1505,0.05,245,0.72,md
69,9.505,0.09009,0.08,305,0.64,md
70,6.515,0.08559,0.05,259,0.93,md
71,7.844,0.08468,0.06,139,0.85,md
72,0.372,0.1631,0.06,192,0.82,md
73,12.266,0.08559,0.14,120,1.12,md
74,1.938,0.118,0.16,56,2.13,md
75,-0.745,0.1054,0.05,184,0.81,md
76,12.31,0.1468,0.06,174,1.23,md
77,5.536,0.1189,0.06,130,1.55,md
78,13.13,0.1189,0.03,172,0.86,md
79,17.731,0.1108,0.08,56,1.81,md
80,5.435,0.04865,0.11,95,0.85,md
81,9.885,0.03514,0.03,146,0.47,md
82,8.365,0.04955,0.03,140,0.52,md
83,6.1,0.1892,0.05,177,0.72,md
84,14.461,0.145,0.06,84,1.57,md
85,2.795,0.005405,0.02,120,1.17,md
86,6.195,0.09189,0.04,129,1.16,md
87,8.253,0.008108,0.02,98,0.93,md
88,13.646,0.2009,0.16,41,1.88,md
89,11.912,0.1622,0.06,158,1.4,md
90,-1.932,0.0964,0.46,219,0.84,md
91,17.765,0.02342,0.18,164,0.51,md
92,-2.014,0.1225,0.04,110,1.42,md
93,2.146,0.1423,0.08,126,0.55,md
