,Depth,Distance to Epicenter,Root Mean Square,Azimuthal Gap,Magnitude,Waveform
0,11.944,0.05856,0.03,136.0,1.51,md
1,9.1,0.109,0.1403,153.33,-0.8,ml
2,5.4593,0.161,0.1065,133.63,0.03,ml
3,10.0,0.11,0.0526,157.45,-0.4,ml
4,8.927,0.1054,0.06,83.0,1.19,md
5,2.384,0.07297,0.13,149.0,1.49,md
6,0.0,0.083,0.1048,165.09,0.37,ml
7,11.4,0.092,0.1406,134.56,-0.7,ml
8,9.3,0.004,0.14,109.87,0.2,ml
9,7.3,0.004,0.1503,109.08,0.1,ml
10,5.6,0.139,0.1113,120.55,0.3,ml
11,12.908,0.07568,0.09,91.0,0.84,md
12,10.171,0.05315,0.05,69.0,2.37,md
13,8.6,0.009,0.1112,87.26,0.3,ml
14,0.0,0.207,0.0143,159.46,0.5,ml
15,0.0,0.206,0.0171,159.19,0.5,ml
16,11.5,0.15,0.1301,111.72,0.0,ml
17,12.3734,0.093,0.0903,166.65,0.85,ml
18,10.924,0.04144,0.11,108.0,0.91,md
19,7.9,0.019,0.0602,146.78,-0.3,ml
20,11.5059,0.048,0.1062,233.39,0.33,ml
21,11.6,0.086,0.0003,140.58,-0.9,ml
22,11.4,0.08,0.0,200.62,-0.4,ml
23,9.1,0.006,0.0,204.26,-0.6,ml
24,10.3,0.19,0.1175,179.61,0.9,ml
25,2.053,0.1712,0.09,57.0,1.56,md
26,5.4,0.058,0.0422,138.11,-0.9,ml
27,11.1,0.043,0.1131,102.53,0.1,ml
28,10.3,0.107,0.1357,183.12,0.7,ml
29,5.854,0.07477,0.1,142.0,1.13,md
30,5.7,0.186,0.0946,144.39,0.4,ml
31,-1.181,0.03784,0.2,53.0,1.53,md
32,7.6,0.003,0.0533,129.41,-0.5,ml
33,14.2,0.094,0.1237,102.81,0.0,ml
34,8.5,0.01,0.0909,110.35,0.0,ml
35,8.6,0.081,0.032,236.95,-0.5,ml
36,7.7,0.008,0.0938,74.21,-0.1,ml
37,9.1,0.018,0.0818,122.47,-0.8,ml
38,8.311,0.06396,0.13,194.0,1.5,md
39,5.471,0.00991,0.05,108.0,0.56,md
40,10.0,0.022,0.0917,122.56,-0.6,ml
41,5.366,0.03243,0.07,172.0,1.43,md
42,8.3,0.088,0.1333,102.71,-0.6,ml
43,8.0,0.008,0.1263,98.82,-0.1,ml
44,10.6,0.052,0.0955,204.13,0.7,ml
45,6.5,0.089,0.0285,106.36,-0.4,ml
46,7.7,0.008,0.0678,110.23,0.1,ml
47,-1.357,0.1811,0.08,94.0,2.0,md
48,8.6,0.002,0.1128,70.03,-0.1,ml
49,9.5,0.012,0.0546,148.98,-0.3,ml
50,-1.474,0.2027,0.09,57.0,2.04,md
51,6.003,0.009009,0.04,103.0,0.68,md
52,8.0,0.031,0.0006,159.29,-0.9,ml
53,5.543,0.01261,0.05,89.0,0.73,md
54,-0.021,0.03694,0.18,101.0,1.41,md
55,9.0,0.014,0.0558,171.85,-0.2,ml
56,-1.93,0.04414,0.16,111.0,1.01,md
57,10.3,0.022,0.1262,123.5,-0.2,ml
58,12.0,0.05,0.1571,106.68,0.1,ml
59,7.9,0.008,0.1211,147.67,-0.9,ml
60,8.9,0.013,0.1062,112.01,-0.1,ml
61,9.4,0.012,0.1543,122.66,0.3,ml
62,10.8,0.008,0.138,108.33,0.6,ml
63,9.4,0.008,0.0489,218.62,-0.7,ml
64,8.9,0.006,0.0248,218.4,-0.9,ml
65,8.3,0.013,0.1075,111.87,0.2,ml
66,8.1,0.008,0.0985,153.29,-0.6,ml
67,7.4,0.008,0.0229,203.82,-0.8,ml
68,7.9,0.009,0.0051,236.32,-0.9,ml
69,6.5,0.008,0.1014,90.32,-0.4,ml
