,Depth,Distance to Epicenter,Root Mean Square,Azimuthal Gap,Magnitude,Waveform
0,33.809,0.06396,0.08,56,2.51,md
1,8.295,0.3223,0.27,93,0.98,md
2,-1.389,0.02703,0.12,222,0.13,md
3,5.832,0.2,0.09,94,1.22,md
4,16.988,0.0955,0.14,49,2.45,md
5,1.488,0.02252,0.04,296,1.77,md
6,3.228,0.1207,0.44,210,1.54,md
7,0.876,0.1865,0.11,110,1.46,md
8,4.744,0.01532,0.06,85,0.64,md
9,15.624,0.1225,0.1,63,2.22,md
10,9.708,0.03604,0.03,168,0.84,md
11,7.928,0.2568,0.08,99,1.62,md
12,7.536,0.1505,0.06,138,1.75,md
13,5.046,0.1378,0.16,149,1.27,md
14,23.404,0.2063,0.18,40,1.79,md
15,-0.332,0.1279,0.04,157,0.93,md
16,37.991,0.109,0.22,50,2.2,md
17,12.186,0.127,0.05,91,1.26,md
18,11.872,0.1973,0.06,90,1.54,md
19,13.653,0.1342,0.09,49,1.55,md
20,1.938,0.118,0.16,56,2.13,md
21,17.731,0.1108,0.08,56,1.81,md
22,23.833,0.2396,0.19,42,2.13,md
23,8.253,0.008108,0.02,98,0.93,md
24,46.448,0.1375,0.38,105,1.26,ml
25,35.818,0.2241,0.29,88,0.83,md
26,34.773,0.3261,0.88,116,0.85,md
27,33.904,0.2546,0.33,69,0.95,md
28,13.646,0.2009,0.16,41,1.88,md
