,Depth,Distance to Epicenter,Root Mean Square,Azimuthal Gap,Magnitude,Waveform
0,6.562,0.02162,0.06,81,0.67,md
1,4.819,0.02342,0.06,104,1.06,md
2,5.029,0.02342,0.06,108,1.1,md
3,8.304,0.009009,0.05,78,0.96,md
4,9.521,0.001802,0.06,45,1.41,md
5,4.341,0.03784,0.05,61,0.75,md
6,12.288,0.03153,0.17,72,2.26,md
7,13.354,0.02072,0.09,112,1.48,md
8,16.627,0.03964,0.18,66,2.0,md
9,2.741,0.01532,0.02,220,0.72,md
10,8.944,0.02162,0.17,75,2.55,md
11,5.916,0.01081,0.03,98,0.68,md
12,5.88,0.00991,0.06,59,0.69,md
13,5.628,0.006306,0.08,22,2.0,md
14,1.851,0.04685,0.04,294,0.22,md
15,5.248,0.02973,0.04,90,0.61,md
16,15.806,0.05225,0.14,54,2.26,md
17,16.084,0.1072,0.11,54,2.02,md
18,14.486,0.07658,0.1,167,1.27,md
19,8.438,0.03514,0.06,122,0.89,md
20,-0.027,0.02342,0.19,78,1.82,md
21,2.592,0.09099,0.17,60,1.06,md
22,7.144,0.02072,0.11,102,1.17,md
23,7.604,0.1036,0.21,54,1.99,md
24,10.21,0.03964,0.06,77,1.39,md
25,6.212,0.06216,0.11,61,1.18,md
26,5.442,0.001802,0.06,69,0.98,md
27,4.7,0.001802,0.05,60,0.97,md
28,10.736,0.04144,0.05,67,1.02,md
29,9.526,0.03423,0.05,53,0.8,md
30,9.38,0.07838,0.04,87,1.31,md
31,4.932,0.0009009,0.06,74,0.62,md
32,4.642,0.0009009,0.06,77,0.82,md
33,5.992,0.06126,0.12,64,1.2,md
34,19.586,0.09009,0.18,71,2.15,md
35,9.67,0.07748,0.04,77,1.48,md
36,7.936,0.00991,0.08,60,0.68,md
37,8.707,0.05225,0.06,142,1.18,md
38,8.384,0.01081,0.04,100,1.27,md
39,9.94,0.07838,0.06,65,1.05,md
40,8.979,0.1027,0.04,98,0.87,md
41,9.388,0.08649,0.01,157,0.7,md
42,9.28,0.07928,0.03,99,0.71,md
43,9.62,0.08198,0.06,83,0.85,md
44,10.118,0.07748,0.05,99,0.78,md
45,9.6,0.07748,0.05,99,0.83,md
46,9.776,0.005405,0.08,54,2.03,md
47,9.88,0.07748,0.06,82,0.9,md
48,6.853,0.02072,0.01,167,0.64,md
49,7.628,0.007207,0.07,49,1.35,md
50,6.915,0.01081,0.08,110,0.43,md
51,7.493,0.01171,0.1,136,0.89,md
52,5.6,0.04324,0.09,85,0.6,md
53,6.11,0.05135,0.07,89,0.9,md
54,8.149,0.05856,0.06,111,1.29,md
55,8.775,0.03243,0.2,58,2.26,md
56,7.824,0.03243,0.08,55,1.02,md
57,6.133,0.02613,0.09,108,1.05,md
58,5.021,0.02793,0.04,56,0.97,md
59,8.157,0.01712,0.18,28,2.76,md
60,16.367,0.03243,0.08,97,1.79,md
61,14.434,0.02162,0.13,77,1.94,md
62,15.48,0.02388,0.07,292,0.57,md
63,8.218,0.02523,0.04,74,0.84,md
64,5.513,0.00991,0.12,84,0.9,md
65,7.028,0.03604,0.05,195,0.62,md
66,11.056,0.07838,0.1,78,1.82,md
67,8.925,0.05135,0.06,68,1.19,md
68,6.855,0.02252,0.18,27,1.99,md
69,-0.506,0.1108,0.13,55,1.28,md
70,10.036,0.06757,0.08,100,1.26,md
71,8.194,0.08018,0.09,82,0.73,md
