,Depth,Distance to Epicenter,Root Mean Square,Azimuthal Gap,Magnitude,Waveform
0,6.507,0.04324,0.07,57,1.06,md
1,8.806,0.03333,0.05,75,0.6,md
2,20.872,0.1414,0.25,83,2.23,md
3,4.23,0.7088,0.1,303,2.9,mh
4,6.067,0.01441,0.06,120,0.96,md
5,3.957,0.05405,0.05,64,0.8,md
6,9.058,0.08108,0.12,143,1.93,md
7,5.48,0.05543,0.05,112,1.13,md
8,2.916,0.06486,0.04,101,1.21,md
9,3.081,0.05586,0.05,256,0.66,md
10,6.876,0.04324,0.07,71,2.1,md
11,1.69,0.0964,0.16,120,1.52,md
12,4.648,0.05946,0.06,113,1.08,md
13,6.741,0.07027,0.06,115,1.18,md
14,4.785,0.01712,0.03,149,0.81,md
15,2.119,0.08288,0.16,142,1.14,md
16,1.112,0.1171,0.05,162,1.44,md
