,Depth,Distance to Epicenter,Root Mean Square,Azimuthal Gap,Magnitude,Waveform
0,3.718,0.07658,0.08,125,0.96,md
1,0.476,0.01261,0.05,158,0.86,md
2,2.875,0.004505,0.05,143,0.55,md
3,5.827,0.155,0.22,52,1.27,md
4,2.835,0.01802,0.07,127,0.31,md
5,2.982,0.0982,0.04,68,1.48,md
6,2.425,0.01802,0.02,141,-0.09,md
7,4.492,0.09369,0.04,47,1.5,md
8,4.215,0.1189,0.08,115,0.71,md
9,5.497,0.09459,0.12,303,0.99,md
10,2.715,0.02793,0.13,69,1.52,md
11,4.345,0.07838,0.09,165,0.9,md
12,4.665,0.07838,0.08,165,1.3,md
13,5.295,0.07838,0.1,165,0.86,md
14,5.955,0.06937,0.12,89,1.88,md
15,1.945,0.07477,0.1,97,1.86,md
16,3.115,0.02342,0.03,104,0.31,md
17,8.801,0.1568,0.08,84,1.14,md
18,7.102,0.09369,0.11,50,1.41,md
19,-0.591,0.06937,0.13,41,1.41,md
20,7.364,0.09459,0.19,121,0.86,md
21,4.862,0.0955,0.07,45,1.53,md
22,2.212,0.0973,0.07,45,1.44,md
23,9.333,0.04775,0.04,133,1.14,md
24,4.454,0.09369,0.04,63,1.53,md
25,3.372,0.06216,0.07,241,0.83,md
26,3.756,0.07297,0.09,168,0.84,md
27,5.24,0.06757,0.12,40,1.93,md
28,2.735,0.007207,0.04,122,-0.11,md
29,3.175,0.006306,0.05,101,1.1,md
30,18.716,0.1108,0.07,113,1.46,md
31,7.798,0.1495,0.14,218,1.56,md
32,8.36,0.07928,0.13,119,1.09,md
33,7.928,0.2568,0.08,99,1.62,md
34,1.947,0.01171,0.05,140,0.53,md
35,2.695,0.004505,0.05,117,1.15,md
36,16.845,0.1739,0.06,139,1.53,md
37,1.566,0.1252,0.08,226,1.05,md
38,12.175,0.1126,0.14,90,1.52,md
39,1.445,0.09279,0.03,279,0.96,md
40,26.777,0.2829,0.18,54,2.14,md
41,2.345,0.008108,0.06,115,0.24,md
42,12.186,0.127,0.05,91,1.26,md
43,0.91,0.01892,0.01,169,-0.21,md
44,10.366,0.1,0.27,74,1.48,md
45,13.261,0.09189,0.22,126,1.53,md
46,12.919,0.1676,0.14,62,1.72,md
47,10.43,0.01622,0.06,72,1.56,md
48,12.15,0.04414,0.13,87,1.8,md
49,11.704,0.1279,0.06,138,1.44,md
50,12.464,0.1297,0.1,139,2.32,md
51,12.495,0.02703,0.18,84,0.35,md
52,16.413,0.08829,0.08,60,1.72,md
53,13.653,0.1342,0.09,49,1.55,md
54,5.971,0.1162,0.11,62,2.12,md
55,12.447,0.09009,0.09,120,1.64,md
56,1.876,0.1117,0.23,307,0.95,md
57,1.996,0.1505,0.05,245,0.72,md
58,9.505,0.09009,0.08,305,0.64,md
59,6.515,0.08559,0.05,259,0.93,md
60,12.266,0.08559,0.14,120,1.12,md
61,-0.745,0.1054,0.05,184,0.81,md
62,12.31,0.1468,0.06,174,1.23,md
63,5.536,0.1189,0.06,130,1.55,md
64,-1.159,0.173,0.17,91,1.46,md
65,13.13,0.1189,0.03,172,0.86,md
66,5.435,0.04865,0.11,95,0.85,md
67,9.885,0.03514,0.03,146,0.47,md
68,8.365,0.04955,0.03,140,0.52,md
69,6.1,0.1892,0.05,177,0.72,md
70,14.461,0.145,0.06,84,1.57,md
71,2.795,0.005405,0.02,120,1.17,md
72,6.195,0.09189,0.04,129,1.16,md
73,-1.932,0.0964,0.46,219,0.84,md
74,17.765,0.02342,0.18,164,0.51,md
75,-2.014,0.1225,0.04,110,1.42,md
76,2.146,0.1423,0.08,126,0.55,md
