,Depth,Distance to Epicenter,Root Mean Square,Azimuthal Gap,Magnitude,Waveform
0,25.216,0.1802,0.11,129,1.82,md
1,5.827,0.155,0.22,52,1.27,md
2,33.809,0.06396,0.08,56,2.51,md
3,8.801,0.1568,0.08,84,1.14,md
4,28.018,0.145,0.06,75,1.78,md
5,5.832,0.2,0.09,94,1.22,md
6,3.228,0.1207,0.44,210,1.54,md
7,29.056,0.164,0.06,122,1.87,md
8,18.716,0.1108,0.07,113,1.46,md
9,0.876,0.1865,0.11,110,1.46,md
10,26.078,0.0964,0.06,40,1.97,md
11,8.36,0.07928,0.13,119,1.09,md
12,7.928,0.2568,0.08,99,1.62,md
13,21.851,0.1523,0.07,55,1.85,md
14,26.012,0.08198,0.09,66,1.85,md
15,12.175,0.1126,0.14,90,1.52,md
16,23.404,0.2063,0.18,40,1.79,md
17,37.991,0.109,0.22,50,2.2,md
18,20.241,0.1351,0.09,98,1.92,md
19,7.948,0.02342,0.13,84,2.19,md
20,12.186,0.127,0.05,91,1.26,md
21,21.476,0.1396,0.1,118,1.82,md
22,10.366,0.1,0.27,74,1.48,md
23,13.261,0.09189,0.22,126,1.53,md
24,10.43,0.01622,0.06,72,1.56,md
25,12.15,0.04414,0.13,87,1.8,md
26,25.018,0.004505,0.04,79,1.47,md
27,5.298,0.03604,0.15,77,1.77,md
28,5.988,0.02793,0.17,42,1.8,md
29,16.413,0.08829,0.08,60,1.72,md
30,13.653,0.1342,0.09,49,1.55,md
31,12.266,0.08559,0.14,120,1.12,md
32,12.31,0.1468,0.06,174,1.23,md
33,8.798,0.01441,0.1,101,1.6,md
34,22.588,0.09279,0.08,109,1.3,md
35,22.839,0.04595,0.08,86,1.52,md
36,17.731,0.1108,0.08,56,1.81,md
37,14.461,0.145,0.06,84,1.57,md
38,23.833,0.2396,0.19,42,2.13,md
39,13.646,0.2009,0.16,41,1.88,md
40,29.404,0.1162,0.09,32,2.12,md
