,Depth,Distance to Epicenter,Root Mean Square,Azimuthal Gap,Magnitude,Waveform
0,8.578,0.01652,0.05,162,0.83,ml
1,8.178,0.01204,0.21,51,1.44,ml
2,0.556,0.3279,0.56,51,2.15,md
3,17.365,0.3586,0.11,70,2.27,md
4,-0.715,0.1835,0.15,159,1.15,ml
5,1.515,0.2119,0.12,114,1.2,ml
6,4.784,0.07027,0.14,168,1.56,md
7,8.578,0.009401,0.1,65,1.5,ml
8,3.707,0.2096,0.12,181,1.15,ml
9,27.719,0.318,0.08,143,2.06,md
10,8.434,0.01081,0.22,245,1.6,md
11,-1.625,0.2943,0.21,88,2.03,ml
12,3.515,0.2886,0.21,201,1.65,ml
13,1.668,0.04686,0.17,118,1.54,ml
14,5.333,0.2227,0.1,227,1.22,ml
15,3.418,0.06775,0.08,200,0.83,ml
16,11.116,0.2922,0.18,226,0.86,ml
17,-0.895,0.1825,0.12,163,1.06,ml
18,-0.975,0.09913,0.1,201,1.27,ml
19,3.852,0.1914,0.12,263,0.98,ml
20,-0.755,0.1813,0.19,145,1.35,ml
21,12.145,0.1072,0.14,100,1.79,md
22,6.951,0.3658,0.23,214,1.54,ml
23,10.544,0.1928,0.16,127,1.79,md
24,19.445,0.1217,0.16,105,1.85,ml
25,8.354,0.02793,0.1,133,1.57,md
26,3.837,0.1853,0.11,182,0.36,ml
27,31.261,0.1559,0.05,95,1.82,md
28,19.286,0.218,0.23,80,2.01,md
29,9.278,0.01282,0.05,163,1.24,ml
30,3.067,0.1793,0.18,304,0.31,ml
31,17.944,0.07477,0.16,149,1.66,md
32,3.895,0.1802,0.16,83,0.98,ml
33,9.717,0.01407,0.05,243,0.93,ml
34,3.922,0.1957,0.17,265,0.5,ml
35,7.109,0.08829,0.07,240,1.49,md
36,6.249,0.07477,0.08,148,1.76,md
37,28.27,0.2801,0.18,108,1.67,ml
38,3.915,0.1821,0.18,145,1.18,ml
39,11.149,0.09189,0.03,229,1.05,md
40,8.578,0.01084,0.09,158,1.02,ml
41,4.254,0.5246,0.09,170,1.68,ml
42,3.154,0.2938,0.28,282,1.2,ml
43,7.494,0.07928,0.08,137,1.6,md
44,3.505,0.1941,0.12,185,1.09,ml
45,8.828,0.01063,0.12,79,1.05,ml
46,15.102,0.05856,0.07,147,2.2,md
47,9.452,0.02072,0.14,102,1.71,md
48,10.266,0.02523,0.09,80,2.99,md
49,8.848,0.01095,0.1,68,1.03,ml
50,2.895,0.2231,0.1,94,1.57,ml
51,-1.383,0.1847,0.21,160,1.26,ml
52,4.205,0.2095,0.12,312,0.32,ml
53,3.918,0.02252,0.06,50,0.88,md
54,-1.553,0.1824,0.08,266,0.49,ml
55,1.038,0.09525,0.14,93,1.45,ml
56,0.868,0.09488,0.13,132,1.46,ml
57,2.836,0.2149,0.09,110,1.25,ml
58,4.777,0.2107,0.16,110,0.58,ml
59,2.228,0.05048,0.14,76,1.35,ml
60,4.017,0.1892,0.11,264,0.82,ml
61,3.318,0.2645,0.15,145,1.57,ml
62,3.213,0.2858,0.19,139,1.67,ml
63,5.342,0.1846,0.22,264,0.68,ml
64,-1.183,0.184,0.12,262,0.45,ml
65,4.017,0.1864,0.14,264,0.22,ml
66,6.071,0.07117,0.06,256,0.87,md
67,-0.763,0.1788,0.16,83,1.7,ml
68,8.878,0.01387,0.09,145,0.9,ml
69,1.888,0.05017,0.11,53,1.5,ml
70,8.655,0.01648,0.11,172,0.99,ml
71,11.423,0.03604,0.05,70,0.98,md
72,5.332,0.2062,0.17,269,0.83,ml
73,2.783,0.2825,0.21,136,1.39,ml
74,-1.424,0.1521,0.17,167,1.49,ml
75,5.478,0.1116,0.17,48,1.88,ml
76,9.208,0.009836,0.13,95,0.82,ml
77,4.082,0.1937,0.1,210,1.4,md
78,21.83,0.2689,0.13,108,1.68,ml
79,8.948,0.006998,0.1,69,1.13,ml
80,2.947,0.1896,0.15,265,0.5,ml
81,9.128,0.01204,0.12,63,1.56,ml
82,3.985,0.1836,0.17,181,0.63,ml
83,9.108,0.01221,0.15,94,1.35,ml
84,8.858,0.0133,0.07,159,0.45,ml
85,8.688,0.01388,0.1,64,1.37,ml
86,5.715,0.2242,0.12,94,1.64,ml
87,4.017,0.1965,0.13,266,0.38,ml
88,4.767,0.1887,0.14,263,1.03,ml
89,6.334,0.3288,0.06,159,1.62,md
90,5.563,0.2831,0.27,139,1.77,ml
91,4.461,0.2793,0.23,141,1.02,ml
92,8.878,0.01283,0.08,143,0.51,ml
93,1.842,0.4048,0.11,296,1.36,ml
94,9.887,0.1126,0.13,151,1.71,md
95,8.688,0.01012,0.11,67,0.79,ml
96,8.528,0.01661,0.07,146,0.98,ml
97,0.869,0.274,0.21,220,0.78,ml
98,9.378,0.006073,0.15,52,1.88,ml
99,8.858,0.009932,0.1,71,1.36,ml
100,4.127,0.1897,0.14,310,0.36,ml
101,9.128,0.01342,0.03,162,0.67,ml
102,8.723,0.02031,0.03,178,0.57,ml
103,9.378,0.01558,0.1,158,1.02,ml
104,9.188,0.01843,0.09,92,1.26,ml
105,9.198,0.01367,0.08,160,0.68,ml
106,7.578,0.01193,0.17,70,1.1,ml
107,9.178,0.01132,0.09,71,0.96,ml
108,9.438,0.004508,0.14,46,3.02,ml
109,5.52,0.2019,0.06,314,0.52,ml
