,Depth,Distance to Epicenter,Root Mean Square,Azimuthal Gap,Magnitude,Waveform
0,4.84,0.02391,0.4,53,2.35,ml
1,6.352,0.02764,0.26,67,1.28,ml
2,6.306,0.06779,0.27,31,1.8,ml
3,15.459,0.0968,0.18,121,1.0,ml
4,19.136,0.1719,0.18,59,2.14,ml
5,17.836,0.1329,0.25,63,2.76,ml
6,0.299,0.07916,0.29,86,2.31,ml
7,13.456,0.2345,0.23,94,1.71,ml
8,12.228,0.08666,0.22,89,1.88,ml
9,11.801,0.05874,0.2,102,1.83,ml
10,13.505,0.003664,0.48,76,2.51,ml
11,12.805,0.09269,0.51,60,3.13,ml
12,7.522,0.04527,0.43,59,2.91,ml
13,7.304,0.06034,0.19,59,1.62,ml
14,17.125,0.03731,0.19,48,2.01,ml
15,8.626,0.06426,0.19,47,2.02,ml
16,0.125,0.0261,0.21,101,1.7,ml
17,8.322,0.1015,0.17,72,2.3,ml
18,3.887,0.07016,0.1,88,1.12,ml
19,7.189,0.05343,0.15,73,1.78,ml
