,Time,Depth,Distance to Epicenter,Root Mean Square,Azimuthal Gap,Magnitude,Waveform
0,1276576018240,8.756,0.05832,0.2,71,5.71,mw
1,1270745065010,9.985,0.4901,0.2,249,5.29,mw
2,1270426027920,9.994,0.7555,0.38,276,5.22,ml
3,1270423507190,9.987,0.5296,0.3,278,5.38,mw
4,1270422914240,9.987,0.4955,0.23,254,5.43,mw
5,1270421417120,10.011,0.7811,0.33,296,5.7,mw
6,1270420980430,9.981,0.3162,0.26,239,5.26,ml
7,1270420842360,9.987,0.5137,0.11,239,7.2,mw
8,1298051255770,14.929,0.4246,0.26,270,5.09,mw
9,1346014678220,8.283,0.0329,0.16,47,5.41,mw
10,1346009483040,8.323,0.03163,0.21,73,5.32,mw
