,Depth,Distance to Epicenter,Root Mean Square,Azimuthal Gap,Magnitude,Waveform
0,5.9,0.047,0.1028,79.48,1.1,ml
1,8.8,11.613,0.83,70.0,0.5,ml
2,10.0,21.435,1.09,92.0,4.9,mb
3,10.0,0.1122,0.65,166.0,4.8,mb
4,3.034,0.09823,0.07,169.0,0.81,ml
5,6.607,0.00991,0.09,162.0,1.25,ml
6,24.2,0.005405,0.39,77.0,0.7,ml
7,3.562,0.005405,0.06,46.0,0.78,md
8,1.977,0.042,0.03,42.23,0.9,md
9,1.849,0.06869,0.04,242.0,1.39,md
10,9.7,3.987,0.48,83.0,0.6,ml
11,3.4,0.05047,0.78,173.0,1.3,ml
12,8.8,0.01171,0.48,55.0,1.6,ml
13,41.1,0.01171,0.52,73.0,1.0,ml
14,13.4,0.009009,0.73,161.0,2.8,ml
15,5.9,0.02883,0.0928,149.0,1.0,ml
16,92.3,0.1335,0.6,133.0,2.4,ml
17,40.5,0.004505,0.34,86.0,1.0,ml
18,9.058,0.175,0.1,181.76,0.08,md
19,45.6,0.01892,0.45,76.0,2.7,ml
20,31.25,0.006306,1.1,75.0,4.6,mb
21,10.6,0.06201,0.04,138.0,0.1,ml
22,0.052,1.347,0.12,76.0,0.8,ml
23,0.722,0.039,0.05,172.01,1.19,md
24,0.652,0.01532,0.04,74.0,0.62,md
25,1.012,0.01441,0.04,112.0,0.47,md
26,2.243,0.911,0.05,157.0,0.77,md
27,5.9,0.02523,0.57,161.0,0.7,ml
28,105.3,0.09459,0.39,167.0,1.5,ml
29,5.599,0.742,0.13,78.0,0.69,ml
30,13.2,0.1018,0.84,59.0,0.9,ml
31,8.07,0.01802,0.69,155.0,2.6,mb_lg
32,37.6,0.02162,0.49,81.0,1.1,ml
33,1.2,0.0973,0.03,155.0,1.17,md
34,1.2,0.006306,0.63,85.0,1.8,ml
35,9.1,2.514,0.0275,111.0,1.3,ml
36,1.97,3.109,0.01,122.0,0.38,md
37,1.269,0.20751083,0.02,208.8,0.88,md
38,3.026,0.06034,0.16,63.0,0.07,ml
39,9.03,0.762,0.89,163.0,5.1,mb
40,112.2,0.573,0.59,87.0,2.2,ml
41,9.5,0.42,0.082,294.64,1.0,ml
42,1.324,0.02973,0.03,67.0,1.16,md
43,2.342,0.01532,0.02,172.0,4.4,mb
44,68.36,0.004505,1.36,76.0,0.48,md
45,1.269,0.01351,0.0,75.0,3.2,ml
46,38.2,0.04505,0.52,56.0,0.3,md
47,5.836,0.03423,0.01,56.0,4.9,mb
48,39.2,0.479,1.53,113.0,0.53,md
49,16.967,0.1856,0.21,203.0,1.5,ml
50,121.4,0.078,0.64,144.69,0.07,md
51,3.203,0.02523,0.01,105.0,0.67,md
52,6.562,0.272,0.06,119.8,1.71,md
53,11.049,0.02973,0.06,150.0,0.74,md
54,1.132,0.01441,0.02,149.0,4.2,mb
55,245.22,0.07317,0.4,40.0,4.4,mb
56,577.59,0.01802,0.81,84.0,0.9,ml
57,11.6,0.007207,0.77,102.0,1.1,Md
58,21.9,0.03243,0.03,142.0,2.8,ml
59,50.8,5.048,0.51,153.0,1.38,ml
60,17.065,0.001802,0.11,65.0,4.3,mb
61,35.31,0.66475331,1.46,280.8,4.8,mb
62,54.78,0.01081,1.05,130.0,0.4,ml
63,0.0,0.03604,0.1569,166.0,3.0,ml
64,218.9,0.002703,0.58,44.0,0.89,md
65,1.898,0.02973,0.03,165.0,1.7,ml
66,7.8,0.636,0.74,175.75,0.96,md
67,2.858,0.03243,0.05,116.0,0.59,md
68,1.509,0.03423,0.03,120.0,0.92,md
69,-0.803,0.008108,0.17,64.0,1.6,ml
70,125.7,0.009009,0.38,50.0,1.06,md
71,3.307,0.05452,0.07,213.0,2.4,ml
72,16.0,0.007207,0.62,113.0,2.1,ml
73,18.3,1.36,0.8,49.0,1.1,ml
74,120.1,0.02973,0.36,138.0,0.69,md
75,4.571,0.00991,0.11,151.0,4.5,mb
76,121.32,0.129,0.91,35.0,4.9,mb
77,30.0,9.372,1.03,142.63,2.9,ml
78,20.0,3.505,0.98,188.0,1.14,ml
79,0.215,0.02973,0.11,42.0,-0.3,ml
80,15.3,0.02883,0.0401,156.0,1.12,md
81,3.963,0.777,0.05,163.0,1.3,ml
82,9.6,1.152,0.0985,144.0,2.1,ml
83,93.9,1.136,0.66,124.0,1.2,ml
84,34.5,0.02703,0.33,124.0,1.1,ml
85,6.9,0.00383,0.79,145.0,0.8,ml
86,47.8,0.08127,0.39,122.0,1.4,ml
87,108.8,0.02883,0.37,170.0,-0.14,md
88,2.547,0.02883,0.01,135.0,1.8,ml
89,65.0,0.02793,0.27,150.0,0.53,md
90,-0.445,0.007207,0.01,72.0,1.15,ml
91,18.627,0.05856,0.14,54.0,0.89,md
92,1.627,0.08473,0.02,136.0,1.02,md
93,2.02,0.02252,0.03,172.0,1.1,md
94,3.363,0.02472,0.04,145.0,1.7,ml
95,6.1,0.007207,0.75,110.0,4.4,mb
96,35.26,0.033,0.96,163.0,1.5,ml
97,60.6,0.0244,0.46,122.05,1.05,md
98,1.923,0.02973,0.03,76.0,3.1,Md
99,36.0,0.08919,0.1,157.0,1.0,ml
100,15.1,0.1243,0.61,150.0,0.45,md
101,2.457,0.03243,0.01,151.0,0.08,md
102,3.737,0.1182,0.03,72.0,1.75,md
103,2.025,0.0946,0.03,105.0,1.1,ml
104,16.4,0.007207,0.49,96.0,-0.28,md
105,2.827,0.02883,0.02,45.0,1.1,ml
106,0.0,0.08631,0.1304,164.0,1.45,md
107,3.113,0.04964,0.04,62.0,1.09,md
108,3.273,0.02883,0.04,53.0,1.32,md
109,1.722,0.02973,0.07,71.0,1.8,md
110,1.652,0.02793,0.06,111.0,1.5,ml
111,75.4,0.02973,0.65,150.0,1.75,md
112,32.357,0.03063,0.08,112.0,1.37,ml
113,2.0,0.02883,0.07,139.0,1.65,md
114,3.028,0.006306,0.06,108.0,4.3,mb
115,68.45,0.929,0.84,81.0,1.7,ml
116,124.0,0.008108,0.37,81.0,0.5,ml
117,8.8,0.11,0.21,64.0,0.24,md
118,1.893,0.009009,0.03,36.0,1.74,md
119,2.389,0.05365,0.04,123.0,1.3,ml
120,9.7,0.03687,0.1431,43.0,4.2,mb
121,506.78,0.04347,0.82,149.0,0.9,ml
122,16.1,0.04426,0.65,133.19,4.8,mb
123,26.39,0.04157,1.08,85.0,0.61,md
124,2.663,0.02793,0.03,23.0,0.25,md
125,2.503,0.03828,0.01,55.0,4.1,mb
126,39.58,0.006306,0.4,42.0,4.3,mb
127,35.0,0.1099,1.01,39.0,4.4,mb
128,35.0,0.07297,1.15,134.0,0.19,md
129,1.843,0.01982,0.02,160.0,0.69,md
130,14.45,2.584,0.16,64.0,1.1,ml
131,7.1,0.03333,0.77,113.0,0.58,md
132,11.161,2.599,0.09,69.0,4.1,md
133,2.0,1.556,1.7,102.0,0.79,md
134,2.503,0.03243,0.04,80.0,0.25,md
135,3.073,0.041,0.04,68.0,1.97,md
136,3.063,0.001802,0.06,144.0,0.63,md
137,1.78,0.02883,0.05,48.0,1.51,md
138,11.944,0.254,0.03,131.0,0.3,md
139,10.989,0.03063,0.08,118.0,-0.3,md
140,2.143,0.00991,0.02,140.64,1.7,ml
141,85.7,0.03365,0.42,94.0,1.5,md
142,7.4,0.003604,0.07,156.0,1.0,md
143,1.534,0.01171,0.05,113.21,-0.1,ml
144,12.0,0.006306,0.0868,116.0,1.5,ml
145,9.629,0.004505,0.23,118.0,0.9,ml
146,10.5,0.01532,0.63,141.0,0.34,md
147,2.973,0.03784,0.03,158.0,0.56,md
148,2.317,0.02973,0.02,130.0,0.28,ml
149,14.842,0.006306,0.15,53.0,1.23,md
150,9.022,0.761,0.07,98.0,1.67,ml
151,12.852,0.02883,0.09,104.0,0.5,ml
152,12.3,0.006306,0.28,151.0,2.6,ml
153,71.0,0.007207,0.67,111.0,0.52,ml
154,10.962,36.125,0.08,62.0,0.73,md
155,-0.303,0.033,0.03,153.0,0.2,md
156,2.429,0.05856,0.02,149.0,1.51,ml
157,18.027,0.05405,0.19,53.0,1.1,md
158,9.21,0.1176793,0.04,53.0,1.2,ml
159,1.9,0.187,0.56,131.0,1.88,md
160,2.743,0.909,0.06,244.76,0.68,md
161,2.513,0.004505,0.05,197.0,0.6,md
162,2.513,0.23895187,0.02,187.0,0.8,md
163,2.513,0.081,0.05,64.8,0.6,md
164,2.403,0.07658,0.05,289.8,1.86,md
165,2.973,0.02703,0.06,134.0,1.86,ml
166,1.201,0.084,0.09,147.0,1.6,ml
167,1.131,0.03153,0.09,104.4,1.36,md
168,1.52,0.03153,0.04,94.47,1.89,ml
169,9.577,0.02883,0.1,125.0,4.6,mb
170,49.45,0.02793,0.88,158.0,1.5,ml
171,8.9,0.02973,0.95,158.2,2.57,ml
172,1.776,0.03063,0.09,156.0,0.95,md
173,1.847,0.01351,0.03,157.0,2.8,ml
174,2.9,0.01897,1.66,147.0,-0.9,ml
175,15.1,0.02883,0.0078,147.0,2.1,ml
176,5.0,0.73212696,0.43,157.0,1.06,md
177,1.98,0.03063,0.02,158.0,1.84,ml
178,12.874,0.02252,0.14,109.0,1.27,ml
179,13.307,0.01261,0.06,128.0,1.4,ml
180,13.867,0.947,0.12,109.0,1.45,ml
181,14.007,0.02973,0.12,288.0,0.35,ml
182,13.577,0.03153,0.04,138.0,-0.29,md
183,1.863,0.02793,0.02,121.0,0.95,ml
184,13.687,0.03153,0.07,177.0,1.3,ml
185,38.7,0.02973,0.58,135.0,0.46,md
186,2.181,0.02793,0.01,151.0,0.4,ml
187,6.5,0.02883,0.52,139.0,1.21,ml
188,1.688,0.02883,0.13,107.0,2.2,ml
189,130.4,0.03153,0.47,159.0,1.41,md
190,7.9,0.04814,0.04,136.0,0.5,md
191,1.332,0.109,0.02,105.0,4.5,mb
192,31.06,0.07701,1.28,90.0,0.12,md
193,2.923,0.01261,0.04,96.0,4.8,mb
194,35.27,0.05676,1.0,155.0,1.8,ml
195,22.3,0.01081,0.39,69.0,4.4,mb
196,125.47,0.01351,1.28,116.0,1.9,ml
197,125.0,0.822,0.42,76.0,4.2,mb
198,144.0,0.01441,1.16,175.0,0.76,md
199,3.103,0.00991,0.04,93.0,-0.7,ml
200,17.8,0.01622,0.053,155.0,0.46,md
201,2.222,0.004505,0.02,36.0,0.34,md
202,2.483,0.54976895,0.03,181.0,0.9,ml
203,14.4,0.58929483,0.0842,74.0,0.78,md
204,3.403,0.07406,0.05,94.0,0.06,md
205,1.035,0.004505,0.0,179.0,0.66,ml
206,6.393,0.09369,0.16,41.0,-0.06,md
207,1.321,0.02432,0.05,288.0,1.2,ml
208,40.2,0.1713,0.21,270.0,0.07,md
209,0.421,0.255,0.0,106.0,0.33,md
210,1.66,0.05856,0.06,118.0,-0.01,md
211,1.822,0.02432,0.06,192.0,0.88,md
212,-0.199,0.2559,0.04,283.0,0.35,md
213,3.137,4.446,0.1,75.0,1.15,md
214,3.183,0.07568,0.05,219.0,1.0,ml
215,16.3,0.02703,0.69,94.0,1.05,md
216,2.104,0.04084,0.02,116.0,4.2,mb
217,212.57,0.008108,0.55,156.0,0.6,md
218,2.383,0.007207,0.03,68.0,0.17,md
219,1.14,0.1527136,0.03,185.0,0.35,md
220,1.625,0.01441,0.05,144.0,4.4,mb
221,14.82,0.5101,0.21,173.0,-0.1,ml
222,10.3,0.008108,0.0389,108.0,1.2,ml
223,113.4,0.09995,0.28,250.0,0.47,md
224,2.404,0.05545,0.05,291.6,0.65,md
225,3.249,0.04112,0.09,125.0,2.2,ml
226,4.24,0.06432,0.83,286.0,1.0,ml
227,6.7,0.1934,0.45,102.0,1.1,Md
228,5.6,6.364,0.14,90.0,0.4,ml
229,8.9,0.007207,0.1769,136.0,4.3,mb
230,50.29,0.2505,0.96,87.0,0.55,md
231,1.795,0.06981,0.03,90.0,1.4,Md
232,9.5,0.07362,0.13,172.0,1.5,ml
233,9.0,0.07176,0.1225,111.0,0.96,md
234,3.718,0.2505,0.08,106.0,1.3,ml
235,13.3,0.01532,0.41,154.0,-0.17,md
236,1.713,0.06757,0.03,166.0,0.3,ml
237,3.1,0.008108,0.0593,153.0,1.1,ml
238,19.9,0.03514,0.46,81.0,0.25,md
239,3.263,0.2022,0.04,154.0,-0.01,md
240,3.583,0.1321,0.04,93.0,0.11,md
241,1.703,0.2075,0.05,200.0,2.3,ml
242,24.5,0.08559,0.57,77.0,2.2,ml
243,103.9,0.1126,0.57,73.0,0.36,md
244,2.563,0.02735,0.03,203.0,1.3,ml
245,119.0,1.02048616,0.29,122.0,0.8,ml
246,20.7,0.0926,0.33,95.0,0.0,md
247,4.751,0.02241,0.14,190.0,0.39,md
248,3.013,0.02572,0.04,192.0,0.36,md
249,5.143,0.04533,0.13,74.0,2.0,ml
250,125.4,0.02088,0.54,313.2,0.61,md
251,9.68,0.004505,0.17,97.0,1.16,md
252,3.243,2.526,0.05,161.0,1.5,ml
253,0.4,0.1018,0.86,169.0,2.8,Md
254,38.0,0.51,0.31,121.0,0.34,md
255,2.673,0.08194,0.04,90.0,0.82,md
256,4.402,0.01982,0.04,149.0,0.03,md
257,2.249,0.004505,0.18,50.0,4.5,mb
258,58.59,2.872,0.79,61.0,1.8,ml
259,22.0,1.089,0.63,70.0,0.6,md
260,2.593,0.006306,0.04,120.0,0.57,md
261,2.887,0.1252,0.03,164.0,1.72,md
262,3.033,0.1099,0.06,101.0,1.3,ml
263,99.7,0.01171,0.58,137.0,0.59,md
264,3.043,0.1189,0.04,167.0,0.81,md
265,2.653,3.386,0.04,102.0,1.67,md
266,3.213,0.1905,0.06,134.0,2.17,md
267,2.903,0.04917,0.05,302.0,1.14,md
268,3.413,0.002703,0.06,202.0,1.5,ml
269,18.3,0.01171,0.5,146.0,0.56,md
270,2.973,0.003604,0.04,159.0,1.6,ml
271,102.4,0.009009,0.42,182.0,0.81,ml
272,7.853,0.01261,0.12,40.0,1.15,md
273,0.682,0.1195,0.04,78.0,0.9,ml
274,6.1,0.469,0.82,98.0,0.81,ml
275,16.091,0.082,0.1,162.0,1.9,ml
276,94.8,0.03107,0.5,93.0,0.07,md
277,2.134,0.007207,0.0,102.0,1.2,ml
278,88.7,3.266,0.39,288.0,2.05,md
279,28.224,0.01261,0.1,116.04,0.47,md
280,1.265,0.006306,0.01,216.24,2.19,md
281,1.324,1.152,0.06,72.0,2.9,ml
282,20.0,0.05045,0.39,238.0,1.1,ml
283,13.9,0.006306,0.51,155.0,0.9,ml
284,33.4,0.01622,0.46,125.0,4.1,mb
285,165.99,0.004505,0.88,63.0,1.9,ml
286,68.2,0.035,0.56,67.0,1.3,ml
287,14.2,0.0691,0.59,283.0,1.9,ml
288,6.1,0.03935,0.73,68.0,0.38,md
289,3.801,0.0469,0.02,174.0,3.6,ml
290,25.6,0.03244,0.55,146.0,1.9,ml
291,131.9,0.002703,0.49,89.0,0.55,md
292,2.516,0.009009,0.18,210.0,0.8,ml
293,13.4,0.03458,0.69,197.0,0.68,md
294,1.543,0.009009,0.04,123.0,1.95,md
295,1.112,0.1802,0.08,90.0,3.0,Md
296,64.0,0.1287,0.38,120.0,1.4,ml
297,19.3,0.1222,0.53,53.0,4.2,mb
298,72.5,0.127,2.15,63.0,3.3,Md
299,54.0,0.075,0.34,107.0,0.91,ml
300,2.571,0.05135,0.1,275.0,1.4,ml
301,8.0,0.01441,0.74,71.0,1.08,md
302,1.95,0.1762,0.03,129.0,2.5,ml
303,58.1,0.02342,0.75,96.0,2.04,md
304,9.138,0.02342,0.07,88.0,-0.51,md
305,2.039,0.08457,0.03,124.0,0.8,ml
306,15.0,0.05633,0.45,153.31,0.95,md
307,23.406,0.08399,0.16,167.0,2.13,md
308,12.878,0.05225,0.17,57.0,1.94,md
309,9.205,1.018,0.05,261.0,2.01,md
310,7.697,0.06036,0.05,104.0,1.17,md
311,2.747,0.1727,0.15,108.0,1.8,ml
312,7.9,0.01081,0.56,115.0,0.3,ml
313,23.0,0.04054,0.44,82.0,1.0,ml
314,74.1,0.0943,0.68,102.0,4.4,mb
315,250.34,0.00991,0.56,78.0,1.2,ml
316,91.9,0.00991,0.12,56.0,1.78,md
317,8.858,0.008108,0.21,101.0,0.44,md
318,3.163,0.008108,0.05,148.0,0.8,ml
319,35.8,4.449,0.26,160.0,0.29,md
320,9.35,0.03317,0.06,308.0,0.06,md
321,3.043,0.0332,0.02,134.0,0.6,ml
322,4.082,0.07506,0.03,107.0,1.1,Md
323,15.0,0.06444,0.41,143.0,1.0,ml
324,6.0,0.16,0.43,96.0,0.43,md
325,13.1,0.07241,0.41,125.0,1.47,md
326,1.94,0.083,0.01,136.0,0.9,ml
327,0.036,0.007207,0.07,90.0,0.45,md
328,33.2,0.01261,0.23,172.0,1.29,ml
329,3.12,0.004505,0.03,107.0,0.8,ml
330,7.336,0.2238,0.11,88.0,1.4,ml
331,10.1,0.01351,0.53,282.71,0.7,md
332,15.1,0.01441,0.71,95.0,1.77,ml
333,6.3,0.006735,0.09,198.06,0.6,ml
334,10.32,0.54976895,0.16,200.0,1.1,ml
335,9.676,0.003604,0.07,158.0,0.9,ml
336,6.4,0.009009,0.79,143.0,0.64,ml
337,11.4,0.006306,0.82,171.0,1.2,ml
338,12.306,0.87226414,0.07,138.0,0.9,ml
339,2.8,0.1052,0.44,45.0,1.2,ml
340,15.7,0.459,0.5,112.0,4.4,mb
341,10.0,0.01622,0.71,198.0,1.1,ml
342,161.34,0.01171,0.76,113.0,2.5,ml
343,111.8,0.006306,0.4,146.0,0.08,md
344,25.6,0.02523,0.4,231.0,1.65,md
345,1.724,0.007207,0.02,139.0,1.41,ml
346,17.122,0.005405,0.12,306.0,0.59,md
347,9.36,0.60276956,0.09,73.0,1.29,md
348,7.11,5.579,0.06,137.0,0.7,ml
349,11.36,0.45364922,0.09,215.7,2.3,ml
350,14.2,0.06864,0.51,105.0,1.2,ml
351,20.1,0.008108,0.51,171.0,2.13,md
352,64.2,0.1279,0.33,61.0,1.15,md
353,17.937,0.09164,0.1,127.0,0.7,ml
354,1.567,0.08973,0.02,128.0,0.66,md
355,19.1,0.01081,0.42,117.0,0.57,md
356,4.422,0.195,0.04,288.0,0.5,ml
357,1.73,0.03602,0.02,136.0,0.9,ml
358,12.8,0.2794,0.26,259.2,1.3,ml
359,15.6,0.03043,0.67,258.0,1.22,md
360,64.8,0.077,0.27,68.0,1.51,ml
361,1.039,0.003604,0.14,123.0,2.1,ml
362,4.138,0.01802,0.29,144.0,1.1,ml
363,9.1,0.1568,0.6,192.0,2.1,ml
364,-1.118,0.02863,0.13,81.0,2.9,ml
365,70.1,0.109,0.48,130.0,1.0,ml
366,100.0,0.3613,1.11,54.0,1.19,ml
367,51.0,0.093,0.22,107.0,1.97,md
368,4.092,0.06346,0.18,165.0,2.9,ml
369,9.458,3.686,0.08,89.82,4.06,mw
370,44.1,0.48059868,0.45,138.0,0.47,md
371,9.324,0.02151,0.14,114.0,3.4,Md
372,10.423,0.76356799,0.18,61.0,3.4,ml
373,40.0,1.411,0.2,103.0,1.06,ml
374,121.8,0.008881,0.82,153.33,1.5,ml
375,4.592,1.77,0.11,160.0,1.6,ml
376,77.2,0.1011,0.4,302.9,1.1,ml
377,22.5,0.1044,0.25,80.0,0.02,ml
378,12.5,0.06153,0.53,116.0,0.35,ml
379,1.371,0.04203,0.12,136.0,-0.31,md
380,1.151,0.084,0.1,338.4,0.26,md
381,9.727,0.03874,0.07,141.0,0.43,md
382,12.313,0.005405,0.18,298.8,4.7,mb
383,2.447,0.0413,0.02,121.0,0.9,md
384,210.79,0.03874,0.63,101.0,1.4,ml
385,4.646,0.00991,0.09,71.0,1.2,ml
386,4.0,0.009416,0.95,171.0,4.8,mb
387,0.5,0.009009,0.56,46.0,0.68,ml
388,109.66,0.008071,0.61,248.0,0.57,md
389,1.767,0.003018,0.15,327.0,1.0,md
390,4.186,0.03733,0.01,138.0,0.1,ml
391,1.519,0.00991,0.02,180.52,0.9,ml
392,12.5,1.845,0.25,80.0,0.9,ml
393,29.2,0.33417329,0.59,67.0,4.4,mb
394,12.9,0.155,0.75,29.0,4.4,mb
395,539.46,1.047,0.67,276.0,0.7,ml
396,32.02,0.13744224,1.26,54.0,0.22,md
397,10.8,0.1311,0.41,126.0,0.72,md
398,1.729,0.00991,0.03,107.0,1.1,ml
399,3.255,0.01261,0.16,113.0,0.4,md
400,89.0,7.739,0.6,86.0,1.2,ml
401,-2.295,0.03423,0.14,78.0,1.2,ml
402,101.9,3.271,0.35,73.0,0.28,md
403,86.6,0.09522142,0.16,30.0,0.8,ml
404,2.464,0.02342,0.01,222.0,1.22,md
405,11.1,0.09279,0.74,234.0,1.9,ml
406,6.779,0.008108,0.06,52.0,4.4,mb
407,4.7,2.995,0.56,142.79,2.4,md
408,22.77,0.06396,0.96,334.8,1.2,ml
409,0.04,0.1684,0.12,124.0,2.3,ml
410,6.2,0.01261,0.59,78.0,3.03,ml
411,37.2,0.02072,0.65,128.0,1.47,md
412,24.078,0.02613,0.28,98.0,1.33,md
413,2.958,0.00991,0.03,161.0,0.33,md
414,1.96,0.323,0.03,227.0,1.1,ml
415,2.98,0.1275,0.01,244.8,0.23,md
416,82.7,0.03423,0.24,104.0,1.2,ml
417,1.639,0.0982,0.02,135.0,0.43,md
418,116.6,0.07081,0.32,143.0,0.37,ml
419,0.732,0.1809,0.01,124.0,1.3,ml
420,7.872,3.55,0.05,56.0,1.5,ml
421,39.7,4.454,0.24,68.0,1.6,ml
422,66.2,0.01441,0.14,86.0,1.2,ml
423,0.0,0.032,0.0932,100.0,0.9,ml
424,79.7,0.01351,0.24,168.0,1.7,ml
425,5.8,8.293,0.1123,198.0,1.0,ml
426,99.7,0.099,0.36,147.0,0.4,ml
427,78.2,0.01712,0.23,177.0,1.1,ml
428,11.4,0.01712,0.33,111.0,0.24,md
429,11.4,0.01441,0.42,95.0,0.34,md
430,10.083,0.002703,0.17,144.0,4.4,mb
431,4.39,0.851,0.01,276.0,0.53,md
432,66.03,0.2328,0.6,217.0,1.2,ml
433,1.726,0.002703,0.01,129.0,1.9,ml
434,79.9,0.005405,0.4,72.0,1.65,md
435,42.7,0.02252,0.63,157.0,3.0,ml
436,1.422,0.003604,0.06,112.0,1.4,ml
437,121.3,0.003604,0.82,106.0,4.5,mb
438,85.1,0.01081,0.32,148.73,0.43,md
439,35.39,0.07276354,1.28,59.0,1.0,md
440,3.817,0.0463,0.02,124.0,2.1,ml
441,1.899,0.008108,0.03,194.29,1.2,ml
442,36.4,0.004505,0.43,169.0,0.56,md
443,43.9,0.009009,0.49,171.0,0.08,md
444,-0.24,0.01261,0.01,93.0,-0.09,md
445,2.196,0.008108,0.02,47.0,0.69,ml
446,9.911,0.313,0.15,78.0,1.3,ml
447,13.697,0.01081,0.16,263.0,0.8,ml
448,8.0,0.009009,0.67,300.0,-0.08,md
449,17.188,0.007207,0.07,127.0,1.1,ml
450,9.753,0.09072984,0.06,58.0,-0.06,md
451,34.9,2.654,0.22,191.0,0.41,md
452,10.482,0.1,0.14,248.0,2.35,ml
453,1.43,2.118,0.03,64.0,1.2,ml
454,4.84,0.01532,0.4,70.0,0.9,ml
455,107.5,0.008108,0.43,163.0,4.6,mb
456,48.5,0.02072,0.41,82.8,1.29,md
457,20.8,0.105,1.52,80.0,0.79,md
458,2.369,0.008108,0.03,52.0,1.2,ml
459,19.06,0.03682,0.15,134.0,1.4,ml
460,7.5,4.335,0.29,91.0,1.4,ml
461,72.7,0.03153,0.22,98.0,1.61,md
462,125.6,0.07,0.24,52.0,1.59,md
463,17.011,0.098,0.09,326.76,0.7,ml
464,2.911,0.007207,0.05,81.0,1.82,md
465,11.1,0.01081,0.52,52.0,1.7,ml
466,25.216,0.09442,0.11,73.0,0.56,md
467,39.0,0.008108,0.42,252.0,0.42,md
468,1.3,0.1041,0.17,124.0,1.9,ml
469,9.13,0.008108,0.27,138.36,0.61,ml
470,99.9,0.04036,0.48,120.0,-0.3,ml
471,6.564,0.01081,0.11,286.0,0.7,ml
472,5.3,0.07958,0.0609,77.0,1.2,ml
473,49.1,0.01441,0.12,76.0,0.32,md
474,10.0,0.22637545,0.8,249.81,1.19,md
475,6.37,0.007207,0.1,85.0,1.3,ml
476,1.294,0.01171,0.04,129.0,1.06,ml
477,112.7,0.0235,0.31,82.0,1.06,md
478,3.897,0.01089,0.12,114.0,1.1,md
479,4.819,0.009166,0.06,83.0,1.13,ml
480,5.029,0.004653,0.06,88.66,3.4,ml
481,9.077,0.009009,0.09,150.61,1.75,ml
482,7.75,0.006787,1.04,71.0,0.92,ml
483,5.75,0.01892,0.19,45.0,1.4,md
484,19.523,0.04414,0.11,116.0,1.0,ml
485,4.538,0.02883,0.05,69.0,4.1,mb
486,20.5,0.01652,0.37,120.0,0.8,ml
487,266.61,0.04414,1.04,136.0,1.16,md
488,17.9,19.018,0.62,41.0,1.37,md
489,5.829,0.006156,0.04,150.0,1.1,ml
490,6.47,0.008108,0.16,82.0,0.9,ml
491,47.3,2.704,0.25,69.0,0.46,md
492,15.2,0.233,0.94,273.6,0.78,md
493,3.22,0.007207,0.02,49.0,2.1,ml
494,5.907,0.03939,0.01,184.0,0.16,md
495,12.918,0.005405,0.04,260.0,1.3,ml
496,20.1,0.006306,0.7,180.0,-0.02,md
497,1.551,0.35124128,0.05,157.0,1.2,ml
498,6.6,0.01171,0.43,195.0,0.45,md
499,1.547,0.01171,0.04,177.0,0.43,md
500,121.7,0.01441,0.23,200.0,4.2,mb
501,1.278,0.111,0.01,183.0,0.03,md
502,1.486,0.02072,0.0,110.0,0.48,md
503,62.08,0.1772,0.68,180.0,2.2,ml
504,9.447,0.01982,0.21,106.0,1.2,ml
505,0.098,0.084,0.1,105.0,1.34,ml
506,80.8,0.101,0.55,99.0,2.3,ml
507,1.1,0.02523,0.53,108.0,1.6,ml
508,1.601,0.01622,0.13,141.0,0.08,ml
509,150.8,0.01171,0.55,79.0,1.8,ml
510,93.4,0.01261,0.6,163.0,0.8,ml
511,12.425,0.007207,0.07,162.0,0.59,ml
512,63.8,0.006306,0.49,100.0,2.2,ml
513,7.0,0.04386,0.0603,138.0,0.1,ml
514,11.368,0.02432,0.08,106.0,1.66,md
515,89.3,0.008108,0.74,51.0,0.86,md
516,7.5,0.1471,0.0733,133.0,0.55,md
517,9.226,0.05053,0.03,277.0,1.7,ml
518,0.476,2.085,0.05,84.0,2.1,ml
519,2.875,0.61893923,0.05,77.0,0.79,ml
520,62.5,0.64319374,0.58,83.0,1.1,ml
521,43.6,0.004505,0.58,103.0,0.53,md
522,15.934,0.164,0.11,295.2,1.33,md
523,20.2,0.01261,0.31,109.0,0.64,ml
524,1.689,1.946,0.02,50.0,1.2,ml
525,1.663,0.09099,0.04,89.0,4.0,mb
526,1.406,0.71056739,0.08,164.46,1.5,ml
527,120.3,0.006306,0.17,85.0,3.3,Md
528,24.8,0.03063,1.36,123.0,2.1,ml
529,83.6,0.21829061,0.42,289.0,0.61,md
530,118.0,0.03262,0.31,123.0,1.2,ml
531,102.5,2.567,0.45,66.07,2.4,ml
532,2.012,0.01204,0.02,246.5,0.55,md
533,40.3,0.07722,0.3,64.0,1.78,md
534,49.9,0.03164,0.69,82.0,-0.15,md
535,0.349,5.009,0.01,39.0,1.7,ml
536,31.74,0.1737,0.13,36.0,3.0,Md
537,1.411,2.066,0.07,107.0,2.8,ml
538,88.1,1.83,0.62,42.0,1.34,md
539,24.0,0.009732,0.17,98.0,0.79,md
540,141.4,0.06475,0.58,82.0,1.0,ml
541,1.025,1.547,0.15,48.0,0.29,md
542,10.61,0.007207,0.06,159.0,1.08,md
543,0.0,0.73122864,0.1298,32.0,0.69,md
544,4.072,0.33,0.01,122.0,1.5,ml
545,22.043,0.1691,0.21,291.6,2.1,ml
546,1.039,50.484,0.03,291.6,1.17,md
547,8.3,0.03604,0.33,81.0,1.6,ml
548,1.4,0.008108,0.83,103.14,0.8,md
549,3.383,0.01261,0.05,127.0,0.68,md
550,12.2,23.26,0.68,247.0,2.4,Md
551,0.813,0.01081,0.04,122.0,4.0,mb
552,1.364,0.0009009,0.02,288.0,1.2,ml
553,13.0,0.006306,0.2,75.0,2.0,ml
554,85.14,1.325,0.64,157.0,2.6,Md
555,45.6,0.003604,0.28,122.4,0.13,ml
556,40.8,0.003604,0.73,192.0,0.56,md
557,48.0,0.003604,0.15,132.0,1.2,ml
558,6.239,0.0407,0.24,51.0,1.4,ml
559,0.342,0.466,0.01,85.0,0.7,md
560,12.8,0.007207,0.61,190.0,2.3,ml
561,115.9,0.007207,0.21,152.0,3.0,ml
562,3.073,0.69170277,0.04,258.0,1.3,ml
563,20.8,0.01031,0.49,47.0,0.4,ml
564,25.6,0.087,0.57,122.0,0.52,ml
565,73.6,0.01171,0.12,129.0,0.69,ml
566,5.2,0.34,0.52,162.0,0.57,md
567,8.678,2.72,0.15,86.0,4.5,mb
568,0.036,0.03862756,0.05,101.0,1.23,ml
569,3.443,0.39705536,0.04,85.0,1.9,ml
570,161.25,0.06496,0.84,182.0,1.6,ml
571,17.21,0.00991,0.11,43.0,0.9,md
572,29.8,0.01081,0.65,313.2,2.5,ml
573,24.7,0.04324,0.67,210.98,0.49,ml
574,7.435,0.01261,0.17,158.0,-0.5,ml
575,34.3,0.00991,0.76,170.0,1.4,ml
576,1.021,0.1479,0.11,82.0,2.3,ml
577,7.9,0.02613,0.0864,168.0,0.63,md
578,4.1,0.02342,0.88,137.0,1.01,md
579,25.6,4.646,0.54,86.0,2.0,ml
580,2.38,0.02523,0.04,92.0,1.4,ml
581,1.357,0.02432,0.02,57.0,1.93,md
582,45.0,0.09189,0.49,46.0,1.21,ml
583,18.9,0.102,0.95,182.0,1.2,ml
584,-0.923,0.01532,0.06,101.0,2.4,ml
585,1.781,0.01081,0.2,108.0,1.8,ml
586,30.1,0.2252,0.37,71.0,-0.8,ml
587,20.0,0.005405,0.87,98.0,1.4,ml
588,99.1,0.007207,0.62,42.0,1.3,ml
589,9.1,0.02998,0.1403,117.0,1.78,md
590,108.9,4.035,0.38,115.0,1.2,ml
591,38.3,0.01396,0.33,309.6,-0.2,ml
592,-0.559,0.02162,0.22,93.0,2.0,ml
593,20.0,4.773,0.56,125.54,1.44,ml
594,11.6,0.1216,0.0303,108.0,1.56,md
595,15.1,0.109,0.59,190.0,4.3,mb
596,5.628,0.096,0.1,122.0,3.4,mb
597,7.715,0.449,0.14,252.0,3.0,Md
598,35.0,0.08919,0.58,201.6,2.7,ml
599,195.0,0.104,0.59,153.0,1.8,ml
600,40.0,0.004505,0.09,169.0,0.7,ml
601,49.1,0.1117,0.43,93.0,1.1,ml
602,11.0,0.01802,0.55,60.0,2.9,Md
603,5.728,0.01021,0.11,114.0,4.2,mb
604,6.7,0.5892948,0.41,70.0,0.56,ml
605,4.0,0.03243,0.09,183.0,1.4,ml
606,150.16,0.007207,0.69,70.0,4.4,mb
607,13.591,0.006306,0.08,115.0,1.4,ml
608,17.7,0.009477,0.4,105.0,1.5,ml
609,86.41,0.11,0.95,69.0,3.2,ml
610,10.0,0.105,0.86,67.0,2.3,ml
611,65.5,0.544,0.22,305.0,0.36,ml
612,0.001,0.007207,0.64,247.03,2.11,ml
613,20.7,0.1403,0.52,91.0,2.2,md
614,10.474,0.1139,0.09,41.0,2.8,ml
615,-1.81,0.01261,0.17,165.0,0.36,ml
616,11.95,0.003604,0.15,87.0,0.1,ml
617,4.7,0.02391,1.29,57.0,0.82,md
618,9.668,0.003604,0.1,53.0,1.22,md
619,7.9,0.033,0.0657,211.0,0.6,ml
620,8.242,0.0982,0.05,112.0,1.3,ml
621,1.669,4.532,0.05,272.0,1.67,ml
622,9.9,0.1609,0.22,104.0,0.77,md
623,7.0,0.00991,0.67,62.0,0.63,md
624,10.141,0.08018,0.14,252.86,1.68,ml
625,3.936,0.009009,0.04,151.42,1.1,ml
626,0.405,0.04068,0.06,154.0,0.48,md
627,3.498,0.007207,0.12,273.0,4.0,md
628,33.6,0.02764,0.29,155.85,0.9,ml
629,1.025,0.01802,0.01,62.0,1.0,ml
630,34.3,0.0009009,0.93,170.0,0.8,ml
631,1.041,0.01261,0.09,127.0,2.3,ml
632,1.241,0.007207,0.1,122.0,1.7,ml
633,16.457,0.1351,0.09,115.199990784001,2.0,ml
634,18.0,0.06649,0.68,58.0,0.4,md
635,46.4,0.00898315,0.39,140.0,6.1,mww
636,58.1,38.421,0.55,149.0,1.86,md
637,2.679,0.009009,0.03,92.0,1.6,ml
638,265.0,0.05586,1.15,112.03,3.1,Md
639,42.285,0.006306,0.1,154.61,1.3,ml
640,108.6,3.185,0.41,313.34,1.27,md
641,97.0,1.075,0.18,67.0,2.3,ml
642,94.1,0.105,0.43,138.0,1.8,Md
643,5.827,0.2514,0.22,105.0,1.4,ml
644,5.3,0.01351,0.0032,107.0,2.5,ml
645,4.0,0.01171,0.15,124.0,1.5,ml
646,81.8,0.01351,0.62,67.0,0.8,ml
647,121.4,0.04505,0.55,56.0,0.79,ml
648,12.8,0.04054,0.76,135.48,0.6,md
649,7.7,0.01171,0.74,68.0,3.0,ml
650,16.93,0.008108,0.1,88.0,3.4,ml
651,1.304,0.01171,0.02,105.0,0.56,md
652,5.0,0.038,0.53,152.0,1.7,ml
653,5.0,0.406,0.0,161.0,1.4,ml
654,1.226,3.517,0.06,56.0,4.5,mb
655,3.4,0.02523,1.11,134.0,0.2,md
656,21.1,0.02793,0.44,59.0,4.3,mb
657,513.27,0.02932,0.57,31.0,1.0,Md
658,4.075,0.008108,0.03,141.0,0.26,md
659,610.99,0.05301,0.17,56.0,1.56,md
660,17.8,0.131,0.13,126.0,0.06,md
661,6.659,0.04414,0.03,42.0,1.1,ml
662,9.692,1.821,0.06,210.0,1.6,ml
663,1.364,0.02368,0.02,115.0,2.1,ml
664,14.9,0.008108,0.55,169.2,4.4,mb
665,74.5,0.0009009,0.28,273.0,2.51,md
666,51.9,0.005405,0.5,51.0,1.19,ml
667,10.0,0.02021,0.16,98.0,0.56,md
668,33.809,0.004505,0.08,241.0,0.65,md
669,3.998,0.09369,0.1,70.0,3.0,ml
670,2.152,0.03453,0.03,123.0,0.18,md
671,7.388,0.05667,0.04,159.73,0.7,ml
672,5.172,0.20840915,1.13,258.0,0.7,ml
673,3.863,0.1477,0.03,49.0,1.0,ml
674,5.8,0.28027437,0.42,107.0,1.7,ml
